Total cost 425962.4714099163
Time for construction 0.14348793029785156
Time for local search 1.3355457782745361

Route 0
(0, 83, 89, 72, 56, 62, 70, 90, 76, 86, 63, 57, 59, 73, 1, 30, 7, 9, 33, 3, 36, 20, 19, 6, 0)
Cost 116208.54221543614

Route 1
(0, 79, 66, 75, 74, 69, 58, 61, 52, 77, 53, 87, 49, 41, 39, 10, 15, 29, 2, 34, 45, 4, 11, 0)
Cost 105722.37984786365

Route 2
(0, 48, 80, 82, 50, 88, 64, 60, 68, 65, 47, 26, 8, 37, 43, 22, 13, 44, 12, 25, 0)
Cost 74624.01514526656

Route 3
(0, 54, 78, 46, 71, 81, 84, 67, 51, 85, 14, 17, 16, 40, 31, 24, 32, 21, 5, 42, 35, 27, 0)
Cost 88784.13304902091

Route 4
(0, 55, 18, 0)
Cost 12418.844749537719

Route 5
(0, 23, 0)
Cost 8790.236401826745

Route 6
(0, 28, 0)
Cost 12127.779681376142

Route 7
(0, 38, 0)
Cost 14300.006293704908