Total cost 245507.63115135123
Time for construction 0.009354829788208008
Time for local search 0.12415266036987305

Route 0
[0, 27, 26, 6, 9, 0]
Cost 27835.10056153086

Route 1
[0, 22, 23, 18, 2, 7, 0]
Cost 51343.13097118967

Route 2
[0, 28, 24, 21, 4, 3, 0]
Cost 40419.750453702254

Route 3
[0, 14, 19, 5, 0]
Cost 29163.400936471822

Route 4
[0, 29, 30, 20, 10, 8, 0]
Cost 42114.83177649977

Route 5
[0, 13, 15, 17, 12, 0]
Cost 25615.330114579192

Route 6
[0, 16, 11, 25, 1, 0]
Cost 29016.086337377605