Total cost 286959.6061058996
Time for construction 0.018095970153808594
Time for best relocate 0.12099289894104004
Time for best exchange 0.02143096923828125
Time for best improvement 0.1424238681793213

Route 0
[0, 27, 37, 1, 0]
Cost 27099.74622890451

Route 1
[0, 35, 23, 40, 31, 9, 2, 13, 18, 0]
Cost 66809.97061006853

Route 2
[0, 34, 32, 24, 36, 19, 3, 8, 4, 0]
Cost 52344.931101056325

Route 3
[0, 26, 28, 38, 29, 17, 5, 11, 0]
Cost 38986.87069618268

Route 4
[0, 22, 6, 20, 12, 0]
Cost 33172.7157447801

Route 5
[0, 21, 25, 30, 10, 7, 15, 0]
Cost 37784.043445622985

Route 6
[0, 39, 33, 16, 14, 0]
Cost 30761.328279284462