Total cost 249209.37106028927
Time for construction 0.013985157012939453
Time for best relocate 0.24072980880737305
Time for best exchange 0.008322000503540039
Time for best improvement 0.24905180931091309

Route 0
[0, 28, 38, 39, 33, 1, 16, 14, 11, 0]
Cost 36374.75923689869

Route 1
[0, 34, 25, 30, 35, 23, 20, 9, 2, 13, 18, 7, 0]
Cost 65390.08097588167

Route 2
[0, 21, 32, 24, 36, 19, 3, 8, 4, 0]
Cost 42164.3603119541

Route 3
[0, 22, 40, 31, 26, 29, 17, 5, 0]
Cost 65009.50048877718

Route 4
[0, 27, 37, 6, 12, 10, 15, 0]
Cost 40270.67004677765