Total cost 342099.4838351988
Time for construction 0.013828277587890625
Time for local search 0.15523886680603027

Route 0
(0, 26, 27, 17, 1, 6, 3, 0)
Cost 50292.035541464895

Route 1
[0, 10, 28, 16, 2, 0]
Cost 29084.080541743886

Route 2
[0, 20, 24, 13, 5, 8, 0]
Cost 54652.49274804782

Route 3
(0, 30, 11, 9, 0)
Cost 27622.922542948072

Route 4
[0, 25, 38, 33, 0]
Cost 24127.278605207008

Route 5
[0, 37, 14, 21, 0]
Cost 20341.280409333463

Route 6
[0, 12, 15, 0]
Cost 15454.797599415768

Route 7
[0, 34, 18, 7, 0]
Cost 26625.12135356441

Route 8
[0, 29, 19, 35, 0]
Cost 37736.222264318116

Route 9
(0, 36, 32, 22, 0)
Cost 30693.11379527268

Route 10
[0, 23, 31, 4, 0]
Cost 25470.138433882737