Total cost 246368.74961826665
Time for construction 0.015816926956176758
Time for local search 0.1971569061279297

Route 0
[0, 12, 20, 32, 26, 27, 17, 1, 3, 6, 8, 0]
Cost 67143.73929876121

Route 1
[0, 10, 28, 16, 9, 11, 2, 0]
Cost 35151.08723454265

Route 2
[0, 19, 35, 38, 25, 33, 0]
Cost 28369.333026213135

Route 3
[0, 31, 23, 24, 13, 5, 4, 0]
Cost 42123.44632649723

Route 4
[0, 15, 37, 21, 14, 30, 0]
Cost 23911.955497946263

Route 5
[0, 29, 34, 18, 7, 0]
Cost 27893.775979899492

Route 6
[0, 36, 22, 0]
Cost 21775.4122544067