Total cost 257180.2990651712
Time for construction 0.014066934585571289
Time for best relocate 0.17372798919677734
Time for best exchange 0.009392261505126953
Time for best improvement 0.1831202507019043

Route 0
[0, 22, 36, 24, 32, 26, 20, 27, 17, 1, 3, 6, 8, 5, 4, 0]
Cost 84475.45912088329

Route 1
[0, 33, 25, 38, 10, 28, 16, 9, 11, 2, 0]
Cost 43581.88868989633

Route 2
[0, 23, 13, 12, 37, 21, 14, 30, 0]
Cost 58522.803813149716

Route 3
[0, 15, 31, 29, 34, 19, 35, 0]
Cost 48681.749264718004

Route 4
[0, 18, 7, 0]
Cost 21918.398176523835