Total cost 273237.0622675261
Time for construction 0.019346237182617188
Time for best relocate 0.20144176483154297
Time for best exchange 0.009334325790405273
Time for best improvement 0.21077609062194824

Route 0
[0, 25, 35, 30, 39, 24, 37, 15, 1, 14, 4, 12, 6, 0]
Cost 214464.33549339074

Route 1
[0, 28, 42, 26, 20, 29, 2, 8, 10, 11, 0]
Cost 178641.50972919376

Route 2
[0, 27, 19, 31, 45, 41, 3, 7, 9, 0]
Cost 159742.6627537828

Route 3
[0, 22, 17, 18, 38, 5, 0]
Cost 102422.19417409349

Route 4
[0, 34, 33, 23, 21, 43, 0]
Cost 102422.19417409349

Route 5
[0, 36, 16, 40, 32, 13, 0]
Cost 102422.19417409349

Route 6
(0, 44, 0)
Cost 28988.394753074055