Total cost 241504.8274739599
Time for construction 0.022002220153808594
Time for best relocate 0.583038330078125
Time for best exchange 0.01267552375793457
Time for best improvement 0.5957138538360596

Route 0
[0, 41, 25, 35, 23, 21, 37, 24, 39, 30, 6, 12, 4, 1, 14, 0]
Cost 230027.28127152642

Route 1
[0, 22, 32, 40, 42, 26, 20, 29, 8, 2, 7, 3, 9, 0]
Cost 214464.33549339074

Route 2
[0, 44, 34, 33, 43, 17, 38, 18, 10, 11, 5, 15, 0]
Cost 199512.04252542093

Route 3
[0, 28, 45, 31, 19, 36, 16, 27, 13, 0]
Cost 159742.6627537828