Total cost 285063.1270881541
Time for construction 0.022286653518676758
Time for best relocate 0.5961830615997314
Time for best exchange 0.016587018966674805
Time for best improvement 0.6127700805664062

Route 0
[0, 45, 25, 35, 33, 23, 38, 21, 37, 24, 39, 30, 6, 12, 4, 14, 1, 15, 5, 11, 10, 0]
Cost 137287.33351154515

Route 1
[0, 36, 16, 27, 40, 18, 26, 42, 20, 29, 8, 2, 13, 7, 3, 9, 0]
Cost 95974.2093891626

Route 2
[0, 31, 41, 19, 32, 22, 17, 43, 34, 44, 0]
Cost 49142.47982695207

Route 3
(0, 28, 0)
Cost 2659.1043604943375