Total cost 301487.644541
Time for construction 0.020943880081176758
Time for local search 0.33809614181518555

Route 0
(0, 38, 45, 53, 51, 48, 42, 21, 24, 18, 3, 7, 0)
Cost 58162.589195

Route 1
(0, 40, 52, 36, 34, 41, 57, 29, 2, 12, 4, 30, 0)
Cost 55952.9111693

Route 2
(0, 59, 60, 32, 49, 50, 5, 8, 27, 14, 13, 6, 0)
Cost 48894.7001212

Route 3
(0, 33, 58, 44, 54, 43, 16, 26, 19, 15, 25, 0)
Cost 57736.407254

Route 4
(0, 55, 47, 56, 39, 35, 10, 23, 28, 17, 22, 0)
Cost 45651.0843314

Route 5
(0, 37, 46, 31, 11, 9, 20, 1, 0)
Cost 35089.9524696