Total cost 287818.1449077331
Time for construction 0.03391003608703613
Time for best relocate 0.8969848155975342
Time for best exchange 0.017937183380126953
Time for best improvement 0.9149219989776611

Route 0
[0, 55, 34, 57, 41, 42, 48, 24, 21, 20, 1, 0]
Cost 34648.95683936039

Route 1
[0, 47, 56, 40, 36, 52, 25, 12, 4, 30, 29, 2, 0]
Cost 52043.34130561742

Route 2
[0, 44, 54, 38, 45, 53, 51, 18, 3, 7, 14, 6, 0]
Cost 70398.39766199232

Route 3
[0, 59, 60, 32, 49, 50, 5, 8, 27, 13, 16, 0]
Cost 52357.84259707831

Route 4
[0, 31, 33, 35, 39, 19, 15, 10, 23, 28, 0]
Cost 42361.78387976565

Route 5
[0, 37, 46, 43, 58, 26, 11, 22, 17, 9, 0]
Cost 36007.822623918975