Total cost 295168.3311320771
Time for construction 0.04014706611633301
Time for best relocate 0.8911430835723877
Time for best exchange 0.13886499404907227
Time for best improvement 1.03000807762146

Route 0
[0, 45, 53, 51, 48, 42, 34, 57, 41, 30, 24, 18, 21, 20, 1, 0]
Cost 63784.51315194855

Route 1
[0, 31, 33, 35, 39, 40, 52, 36, 56, 2, 29, 4, 12, 25, 15, 19, 23, 10, 0]
Cost 89182.36855717978

Route 2
[0, 54, 50, 49, 32, 60, 46, 37, 38, 3, 7, 27, 8, 5, 13, 14, 6, 0]
Cost 95402.88550438915

Route 3
[0, 47, 55, 59, 43, 44, 58, 26, 16, 11, 22, 17, 28, 9, 0]
Cost 46798.56391855962