Total cost 278675.1616992438
Time for construction 0.03609919548034668
Time for best relocate 1.0390210151672363
Time for best exchange 0.06269192695617676
Time for best improvement 1.101712942123413

Route 0
[0, 47, 55, 38, 45, 53, 51, 48, 41, 57, 34, 42, 21, 18, 24, 30, 4, 12, 29, 20, 1, 0]
Cost 87079.80959037511

Route 1
[0, 33, 58, 44, 35, 39, 40, 56, 36, 52, 25, 15, 19, 17, 28, 23, 10, 2, 3, 27, 0]
Cost 102275.3124262022

Route 2
[0, 37, 46, 43, 54, 59, 60, 32, 49, 50, 5, 8, 7, 14, 13, 6, 16, 26, 11, 0]
Cost 75672.09278604673

Route 3
[0, 31, 22, 9, 0]
Cost 13647.94689661981