Total cost 359019.7408866968
Time for construction 0.03395724296569824
Time for local search 0.4496490955352783

Route 0
[0, 37, 48, 33, 38, 22, 12, 1, 5, 10, 6, 4, 0]
Cost 66569.944737159

Route 1
[0, 32, 14, 23, 39, 42, 2, 3, 0]
Cost 40325.332386521455

Route 2
[0, 51, 26, 27, 35, 7, 9, 0]
Cost 29973.865869227542

Route 3
[0, 13, 44, 15, 47, 49, 11, 0]
Cost 37745.2453686832

Route 4
[0, 21, 45, 55, 31, 16, 0]
Cost 38830.87470274048

Route 5
[0, 34, 52, 18, 25, 0]
Cost 25803.915414396546

Route 6
(0, 43, 53, 54, 56, 41, 19, 0)
Cost 19599.805915223995

Route 7
[0, 46, 29, 50, 20, 57, 8, 0]
Cost 32958.22530578141

Route 8
[0, 17, 28, 36, 30, 24, 0]
Cost 47863.8193952186

Route 9
(0, 40, 0)
Cost 19348.71179174469