Total cost 257284.0637384049
Time for construction 0.03844618797302246
Time for local search 1.658461093902588

Route 0
[0, 27, 35, 33, 38, 48, 22, 1, 12, 3, 0]
Cost 39517.13690182946

Route 1
[0, 24, 30, 36, 51, 26, 40, 28, 17, 5, 10, 6, 4, 7, 9, 0]
Cost 61608.519795489665

Route 2
[0, 13, 20, 44, 50, 49, 47, 15, 11, 2, 0]
Cost 53031.03446537208

Route 3
[0, 46, 23, 39, 42, 37, 29, 14, 32, 57, 8, 0]
Cost 33771.13506132807

Route 4
[0, 56, 41, 52, 31, 55, 45, 21, 16, 0]
Cost 46109.23110749394

Route 5
[0, 43, 53, 34, 18, 25, 54, 19, 0]
Cost 23247.006406891684