Total cost 289358.0179725507
Time for construction 0.03588390350341797
Time for best relocate 0.7136995792388916
Time for best exchange 0.042333126068115234
Time for best improvement 0.7560327053070068

Route 0
[0, 28, 17, 27, 35, 33, 38, 48, 22, 12, 1, 5, 10, 6, 4, 7, 9, 0]
Cost 215525.9783355847

Route 1
[0, 18, 34, 15, 13, 20, 44, 50, 49, 47, 11, 8, 0]
Cost 148787.85170748082

Route 2
[0, 54, 25, 53, 57, 32, 14, 29, 37, 23, 39, 42, 2, 3, 0]
Cost 174240.15662418903

Route 3
[0, 36, 30, 24, 41, 56, 52, 21, 45, 55, 31, 0]
Cost 126369.85141753523

Route 4
[0, 46, 40, 26, 51, 16, 19, 43, 0]
Cost 76553.38848841665