Total cost 289358.0179725507
Time for construction 0.037261009216308594
Time for local search 1.1734628677368164

Route 0
[0, 28, 17, 27, 35, 33, 38, 48, 22, 12, 1, 5, 10, 6, 4, 7, 9, 0]
Cost 78927.92189060542

Route 1
[0, 18, 34, 15, 13, 20, 44, 50, 49, 47, 11, 8, 0]
Cost 50133.65487493852

Route 2
[0, 54, 25, 53, 57, 32, 14, 29, 37, 23, 39, 42, 2, 3, 0]
Cost 53591.296701272186

Route 3
[0, 36, 30, 24, 41, 56, 52, 21, 45, 55, 31, 0]
Cost 72611.51668161828

Route 4
[0, 46, 40, 26, 51, 16, 19, 43, 0]
Cost 34093.62782411622