Total cost 287295.67280111375
Time for construction 0.03549623489379883
Time for best relocate 0.9307870864868164
Time for best exchange 0.0539698600769043
Time for best improvement 0.9847569465637207

Route 0
[0, 39, 23, 22, 38, 17, 28, 27, 35, 33, 48, 3, 12, 1, 5, 10, 6, 4, 7, 9, 0]
Cost 101461.30000838767

Route 1
[0, 43, 53, 54, 18, 34, 15, 13, 20, 44, 50, 49, 47, 11, 2, 8, 0]
Cost 63453.54310636545

Route 2
[0, 51, 36, 30, 24, 41, 56, 25, 52, 21, 45, 55, 31, 16, 0]
Cost 73060.44137855411

Route 3
[0, 46, 37, 29, 42, 14, 32, 57, 19, 26, 40, 0]
Cost 49320.38830780641