Total cost 287538.7583503933
Time for construction 0.03875398635864258
Time for best relocate 0.7095961570739746
Time for best exchange 0.06379485130310059
Time for best improvement 0.7733910083770752

Route 0
[0, 42, 39, 23, 22, 38, 17, 28, 36, 40, 27, 35, 33, 48, 3, 12, 1, 5, 10, 6, 4, 7, 9, 0]
Cost 117897.02224961996

Route 1
[0, 25, 18, 52, 34, 53, 32, 14, 50, 44, 20, 13, 15, 47, 49, 11, 2, 8, 0]
Cost 76469.95328376562

Route 2
[0, 37, 29, 57, 43, 19, 26, 51, 54, 56, 41, 24, 30, 45, 21, 55, 31, 16, 0]
Cost 87277.69323506214

Route 3
(0, 46, 0)
Cost 5894.089581945629