Total cost 322660.39870455756
Time for construction 0.05302906036376953
Time for local search 2.058077812194824

Route 0
[0, 62, 26, 58, 56, 50, 34, 67, 25, 1, 16, 3, 22, 12, 19, 8, 0]
Cost 68398.70520861771

Route 1
[0, 60, 45, 30, 41, 32, 29, 43, 68, 2, 6, 4, 20, 11, 17, 0]
Cost 93389.69017853407

Route 2
[0, 64, 27, 35, 42, 63, 66, 54, 23, 21, 5, 10, 13, 14, 7, 9, 18, 0]
Cost 73590.4473299406

Route 3
[0, 40, 52, 36, 46, 38, 44, 39, 24, 57, 0]
Cost 36221.23617908941

Route 4
[0, 33, 31, 51, 61, 0]
Cost 13403.549336107497

Route 5
[0, 28, 49, 53, 65, 47, 59, 37, 55, 48, 15, 0]
Cost 37656.770472268305