Total cost 293056.270691
Time for construction 0.029919862747192383
Time for local search 0.3979358673095703

Route 0
[0, 37, 38, 46, 52, 36, 26, 58, 56, 50, 34, 67, 16, 3, 22, 1, 12, 19, 8, 9, 7, 13, 0]
Cost 87505.6059041

Route 1
[0, 35, 42, 66, 45, 30, 54, 41, 32, 29, 43, 68, 2, 20, 6, 4, 14, 18, 15, 0]
Cost 78638.9633501

Route 2
[0, 62, 44, 40, 48, 55, 59, 47, 65, 53, 60, 63, 17, 11, 23, 21, 5, 10, 0]
Cost 79327.5634731

Route 3
[0, 24, 39, 25, 27, 57, 64, 61, 28, 49, 31, 0]
Cost 40086.6454579

Route 4
(0, 33, 51, 0)
Cost 7497.49250602