Total cost 299724.92808130715
Time for construction 0.07296490669250488
Time for best relocate 2.7075178623199463
Time for best exchange 0.0618748664855957
Time for best improvement 2.769392728805542

Route 0
[0, 44, 26, 58, 62, 39, 25, 56, 50, 34, 67, 1, 12, 22, 3, 16, 10, 23, 21, 5, 0]
Cost 313883.75468726346

Route 1
[0, 65, 53, 60, 63, 66, 45, 30, 54, 41, 32, 29, 43, 68, 2, 11, 17, 20, 6, 4, 13, 14, 7, 9, 18, 15, 0]
Cost 394545.21429219516

Route 2
[0, 64, 35, 42, 61, 51, 49, 28, 0]
Cost 150430.85698137616

Route 3
[0, 57, 27, 24, 40, 48, 33, 31, 55, 37, 59, 47, 52, 38, 46, 36, 8, 19, 0]
Cost 284938.5186166298