Total cost 299724.92808130715
Time for construction 0.051531076431274414
Time for best relocate 2.344491958618164
Time for best exchange 0.047512054443359375
Time for best improvement 2.3920040130615234

Route 0
[0, 44, 26, 58, 62, 39, 25, 56, 50, 34, 67, 1, 12, 22, 3, 16, 10, 23, 21, 5, 0]
Cost 80700.96294035662

Route 1
[0, 65, 53, 60, 63, 66, 45, 30, 54, 41, 32, 29, 43, 68, 2, 11, 17, 20, 6, 4, 13, 14, 7, 9, 18, 15, 0]
Cost 126941.37134358185

Route 2
[0, 64, 35, 42, 61, 51, 49, 28, 0]
Cost 29153.154895784854

Route 3
[0, 57, 27, 24, 40, 48, 33, 31, 55, 37, 59, 47, 52, 38, 46, 36, 8, 19, 0]
Cost 62929.438901583795