Total cost 280217.76676670305
Time for construction 0.053575992584228516
Time for best relocate 3.050140142440796
Time for best exchange 0.054522037506103516
Time for best improvement 3.1046621799468994

Route 0
[0, 38, 46, 44, 24, 57, 27, 39, 62, 26, 58, 56, 50, 34, 67, 25, 1, 12, 22, 3, 16, 10, 5, 21, 23, 11, 17, 0]
Cost 105622.3668224755

Route 1
[0, 28, 60, 63, 42, 66, 45, 30, 54, 41, 32, 29, 43, 68, 2, 20, 6, 4, 13, 14, 7, 9, 18, 15, 0]
Cost 92957.18494925194

Route 2
[0, 51, 49, 53, 65, 47, 59, 37, 55, 31, 33, 61, 35, 64, 0]
Cost 51849.72230613783

Route 3
[0, 48, 40, 52, 36, 8, 19, 0]
Cost 29788.49268883778