Total cost 282563.718759
Time for construction 0.031914710998535156
Time for local search 1.2107632160186768

Route 0
(0, 65, 47, 59, 37, 38, 46, 52, 36, 26, 58, 56, 50, 34, 25, 67, 16, 3, 22, 1, 12, 19, 8, 9, 7, 4, 6, 2, 20, 0)
Cost 123992.48799

Route 1
(0, 28, 49, 53, 68, 60, 63, 66, 54, 30, 45, 43, 29, 32, 41, 23, 10, 5, 21, 11, 17, 13, 14, 18, 15, 0)
Cost 106176.039632

Route 2
(0, 33, 31, 55, 48, 40, 44, 62, 39, 24, 27, 57, 64, 35, 42, 0)
Cost 47091.2070321

Route 3
(0, 61, 0)
Cost 4743.02730332

Route 4
(0, 51, 0)
Cost 4804.97950048