Total cost 422434.9691896927
Time for construction 0.0861058235168457
Time for best relocate 2.2503302097320557
Time for best exchange 0.6697957515716553
Time for best improvement 2.920125961303711

Route 0
[0, 90, 86, 48, 73, 59, 63, 57, 9, 7, 30, 1, 36, 6, 0]
Cost 62090.23180381754

Route 1
[0, 46, 62, 70, 76, 29, 2, 20, 15, 10, 0]
Cost 59387.54083024358

Route 2
[0, 78, 79, 50, 82, 80, 3, 33, 35, 34, 45, 0]
Cost 48083.3335307032

Route 3
[0, 81, 89, 87, 72, 56, 49, 71, 19, 39, 41, 4, 11, 0]
Cost 55487.920167267126

Route 4
[0, 47, 65, 66, 69, 58, 74, 75, 26, 8, 5, 21, 18, 14, 0]
Cost 46636.15574764563

Route 5
[0, 55, 85, 51, 67, 53, 13, 44, 12, 25, 27, 0]
Cost 40923.39037932374

Route 6
[0, 84, 61, 52, 83, 77, 16, 40, 22, 43, 31, 0]
Cost 52370.163902104294

Route 7
[0, 28, 24, 32, 37, 17, 0]
Cost 30617.304159713985

Route 8
[0, 0]
Cost 0.0

Route 9
[0, 0]
Cost 0.0

Route 10
[0, 54, 88, 64, 60, 68, 42, 38, 23, 0]
Cost 26838.92866887356