Total cost 419059.182319
Time for construction 0.052858591079711914
Time for local search 1.9138834476470947

Route 0
[0, 81, 70, 90, 76, 86, 63, 57, 59, 73, 1, 30, 7, 9, 33, 3, 35, 0]
Cost 73645.5823445

Route 1
[0, 83, 53, 87, 89, 49, 72, 56, 62, 2, 29, 15, 10, 39, 41, 0]
Cost 84671.4913572

Route 2
[0, 74, 61, 52, 77, 67, 51, 85, 55, 4, 6, 19, 20, 36, 34, 45, 0]
Cost 66264.9779446

Route 3
[0, 64, 60, 68, 65, 47, 66, 69, 58, 75, 26, 8, 37, 43, 22, 40, 0]
Cost 61105.5075027

Route 4
[0, 50, 82, 80, 48, 46, 71, 25, 12, 44, 13, 16, 14, 11, 0]
Cost 61934.4261661

Route 5
[0, 78, 79, 88, 38, 42, 28, 5, 21, 0]
Cost 31605.1554638

Route 6
[0, 54, 23, 18, 0]
Cost 10085.1591535

Route 7
(0, 24, 0)
Cost 7312.92909852

Route 8
(0, 27, 0)
Cost 1471.03365019

Route 9
[0, 84, 31, 17, 0]
Cost 13441.6516594

Route 10
(0, 32, 0)
Cost 7521.26797821