Total cost 385540.32303740445
Time for construction 0.08690214157104492
Time for best relocate 4.522143363952637
Time for best exchange 0.05938863754272461
Time for best improvement 4.581532001495361

Route 0
[0, 79, 82, 80, 48, 46, 90, 76, 86, 63, 57, 59, 73, 30, 1, 36, 20, 2, 29, 7, 9, 33, 0]
Cost 269938.52656989987

Route 1
[0, 65, 66, 50, 70, 62, 81, 78, 88, 64, 60, 68, 42, 38, 35, 3, 45, 34, 19, 6, 15, 10, 0]
Cost 269938.52656989987

Route 2
[0, 55, 85, 51, 89, 87, 72, 56, 49, 71, 4, 39, 41, 25, 12, 44, 13, 40, 16, 0]
Cost 238528.65567810443

Route 3
[0, 84, 67, 53, 77, 83, 52, 61, 74, 58, 69, 47, 75, 26, 8, 5, 21, 37, 43, 22, 31, 17, 24, 32, 0]
Cost 286304.56824811455

Route 4
[0, 0]
Cost 10278.174594742006

Route 5
[0, 0]
Cost 10278.174594742006

Route 6
[0, 0]
Cost 10278.174594742006

Route 7
[0, 0]
Cost 10278.174594742006

Route 8
[0, 54, 28, 23, 18, 11, 14, 27, 0]
Cost 100838.61987571018

Route 9
[0, 0]
Cost 10278.174594742006