Total cost 368426.183253
Time for construction 0.05684804916381836
Time for local search 3.9304921627044678

Route 0
[0, 71, 72, 56, 62, 70, 90, 76, 86, 73, 59, 57, 63, 7, 9, 33, 3, 1, 30, 36, 20, 19, 6, 0]
Cost 86905.6526171

Route 1
[0, 75, 74, 69, 58, 61, 52, 83, 77, 53, 87, 89, 49, 41, 39, 10, 15, 29, 2, 34, 45, 11, 0]
Cost 94390.3638647

Route 2
[0, 79, 50, 88, 64, 60, 68, 66, 65, 47, 26, 8, 37, 43, 22, 13, 44, 12, 25, 0]
Cost 67257.3157385

Route 3
[0, 82, 80, 48, 46, 81, 55, 84, 67, 51, 85, 4, 14, 17, 16, 40, 31, 5, 21, 32, 24, 27, 0]
Cost 66545.6032518

Route 4
(0, 18, 0)
Cost 5337.22811954

Route 5
(0, 23, 0)
Cost 8790.23640183

Route 6
[0, 78, 0]
Cost 8212.00389674

Route 7
[0, 54, 28, 42, 38, 35, 0]
Cost 30987.7793632