Total cost 385964.27715198364
Time for construction 0.09290289878845215
Time for local search 6.942734241485596

Route 0
[0, 79, 82, 80, 48, 46, 90, 76, 86, 63, 57, 59, 73, 30, 1, 36, 20, 2, 29, 7, 9, 33, 0]
Cost 92573.07024952007

Route 1
[0, 66, 65, 64, 88, 78, 81, 62, 70, 50, 60, 68, 42, 38, 35, 3, 45, 34, 19, 6, 15, 10, 0]
Cost 114622.1339245401

Route 2
[0, 55, 85, 51, 89, 87, 72, 56, 49, 71, 4, 39, 41, 25, 12, 44, 13, 40, 16, 0]
Cost 70081.69539901605

Route 3
[0, 84, 67, 53, 77, 83, 52, 61, 74, 58, 69, 47, 75, 26, 8, 31, 22, 43, 37, 5, 21, 32, 24, 17, 0]
Cost 90898.068470987

Route 4
[0, 0]
Cost 0.0

Route 5
[0, 0]
Cost 0.0

Route 6
[0, 0]
Cost 0.0

Route 7
[0, 0]
Cost 0.0

Route 8
[0, 54, 28, 23, 18, 11, 14, 27, 0]
Cost 17789.309107920464

Route 9
[0, 0]
Cost 0.0