Total cost 406970.0022283716
Time for construction 0.10277128219604492
Time for local search 5.272696018218994

Route 0
[0, 65, 71, 83, 92, 87, 30, 46, 6, 3, 5, 12, 19, 2, 0]
Cost 57348.38004177811

Route 1
[0, 79, 66, 89, 33, 82, 62, 44, 36, 35, 67, 4, 13, 18, 8, 10, 11, 7, 9, 0]
Cost 78132.66166072502

Route 2
[0, 45, 39, 69, 60, 64, 38, 72, 34, 17, 15, 1, 0]
Cost 43544.133618198764

Route 3
[0, 32, 48, 42, 61, 25, 43, 76, 20, 29, 0]
Cost 42777.77853954707

Route 4
[0, 26, 37, 86, 54, 22, 57, 55, 21, 14, 0]
Cost 39087.46653137452

Route 5
[0, 28, 77, 70, 63, 40, 81, 80, 16, 0]
Cost 29595.520402854112

Route 6
[0, 24, 23, 78, 84, 90, 59, 49, 50, 0]
Cost 35669.443661271245

Route 7
[0, 73, 58, 51, 27, 68, 85, 88, 0]
Cost 26387.665132163973

Route 8
[0, 56, 53, 93, 41, 47, 52, 31, 0]
Cost 30338.240732950988

Route 9
[0, 75, 91, 94, 74, 0]
Cost 24088.7119075079