Total cost 354485.46236336237
Time for construction 0.12874698638916016
Time for local search 4.842400074005127

Route 0
[0, 52, 65, 87, 46, 30, 92, 83, 47, 71, 5, 3, 6, 2, 19, 12, 1, 15, 17, 0]
Cost 80039.19921403968

Route 1
[0, 74, 79, 85, 33, 82, 89, 66, 62, 44, 36, 35, 67, 4, 13, 18, 8, 10, 11, 7, 9, 0]
Cost 81555.82003465858

Route 2
[0, 29, 76, 42, 72, 61, 38, 64, 34, 43, 20, 0]
Cost 33774.8395852914

Route 3
[0, 81, 59, 37, 86, 54, 22, 55, 57, 75, 91, 14, 0]
Cost 45813.522618207186

Route 4
[0, 28, 77, 84, 90, 40, 63, 70, 78, 23, 16, 0]
Cost 35567.48688053209

Route 5
[0, 93, 53, 94, 21, 26, 50, 49, 80, 24, 0]
Cost 27079.00281425108

Route 6
[0, 41, 25, 45, 60, 69, 39, 48, 32, 27, 68, 51, 58, 0]
Cost 40357.12936568287

Route 7
[0, 56, 73, 88, 31, 0]
Cost 10298.461850699405