Total cost 347407.72492487973
Time for construction 0.10521388053894043
Time for local search 8.815585851669312

Route 0
[0, 52, 41, 47, 65, 28, 77, 84, 90, 46, 30, 87, 92, 83, 71, 5, 3, 6, 2, 19, 12, 1, 15, 17, 9, 7, 11, 10, 8, 18, 13, 0]
Cost 134874.87039239562

Route 1
[0, 51, 32, 48, 27, 68, 85, 79, 91, 75, 36, 35, 44, 62, 82, 33, 89, 66, 67, 4, 0]
Cost 80982.99620641657

Route 2
[0, 29, 76, 45, 39, 69, 60, 34, 42, 72, 64, 38, 61, 25, 43, 20, 0]
Cost 44104.422009176495

Route 3
[0, 50, 70, 63, 40, 81, 59, 37, 86, 54, 22, 57, 55, 21, 94, 14, 0]
Cost 49279.731008239076

Route 4
[0, 56, 73, 88, 58, 93, 53, 74, 26, 24, 80, 49, 23, 78, 16, 0]
Cost 36541.34943631378

Route 5
[0, 31, 0]
Cost 1624.3558723383248