Total cost 358901.3474731134
Time for construction 0.1217501163482666
Time for best relocate 5.513993978500366
Time for best exchange 0.22676396369934082
Time for best improvement 5.740757942199707

Route 0
[0, 31, 52, 28, 84, 90, 87, 71, 83, 92, 30, 46, 6, 3, 5, 12, 19, 2, 16, 1, 15, 17, 9, 7, 11, 10, 0]
Cost 114879.04330707976

Route 1
[0, 75, 91, 79, 85, 33, 82, 89, 66, 62, 44, 36, 35, 67, 4, 13, 18, 8, 0]
Cost 72582.21943285452

Route 2
[0, 45, 60, 64, 38, 61, 72, 34, 42, 25, 43, 20, 0]
Cost 38302.54606452383

Route 3
[0, 24, 49, 40, 81, 59, 37, 86, 54, 22, 57, 55, 21, 14, 0]
Cost 44452.088769167654

Route 4
[0, 41, 47, 65, 77, 70, 63, 78, 23, 80, 50, 26, 0]
Cost 37570.3465977884

Route 5
[0, 29, 76, 69, 39, 48, 32, 27, 68, 51, 58, 88, 73, 56, 0]
Cost 35824.475942857614

Route 6
[0, 74, 94, 53, 93, 0]
Cost 15290.627358841703