Total cost 491114.40574802394
Time for construction 0.17725396156311035
Time for best relocate 7.002618789672852
Time for best exchange 0.4788649082183838
Time for best improvement 7.481483697891235

Route 0
[0, 92, 50, 98, 51, 111, 40, 101, 85, 44, 70, 46, 1, 17, 15, 12, 29, 5, 32, 0]
Cost 289711.6872046659

Route 1
[0, 81, 48, 94, 110, 68, 106, 95, 39, 35, 2, 19, 28, 38, 16, 0]
Cost 213171.19072096818

Route 2
[0, 45, 76, 69, 55, 63, 104, 59, 10, 37, 11, 31, 7, 6, 3, 30, 0]
Cost 231498.33938081158

Route 3
[0, 52, 80, 58, 102, 57, 67, 109, 26, 13, 22, 27, 18, 8, 25, 20, 21, 0]
Cost 251799.59254410176

Route 4
[0, 53, 89, 56, 97, 66, 78, 47, 103, 23, 34, 14, 0]
Cost 171510.48300067242

Route 5
[0, 41, 73, 88, 64, 54, 86, 87, 0]
Cost 120382.24364682667

Route 6
[0, 61, 90, 79, 105, 82, 93, 62, 42, 0]
Cost 134691.84339664498

Route 7
[0, 77, 49, 74, 43, 33, 0]
Cost 87314.07764219708

Route 8
[0, 108, 91, 83, 113, 71, 100, 72, 112, 9, 24, 4, 36, 0]
Cost 191987.258259487

Route 9
[0, 96, 107, 75, 60, 99, 84, 65, 0]
Cost 120382.24364682667