Total cost 404736.03928445023
Time for construction 0.1589057445526123
Time for best relocate 11.50297498703003
Time for best exchange 0.1044762134552002
Time for best improvement 11.60745120048523

Route 0
[0, 77, 74, 99, 43, 60, 70, 46, 85, 101, 40, 111, 9, 17, 15, 1, 12, 29, 5, 32, 33, 0]
Cost 66404.46866315142

Route 1
[0, 64, 81, 48, 94, 110, 68, 39, 95, 106, 79, 28, 38, 19, 35, 2, 30, 31, 7, 0]
Cost 77426.88139897767

Route 2
[0, 50, 109, 98, 51, 112, 72, 67, 57, 102, 100, 58, 80, 8, 13, 26, 4, 22, 24, 27, 18, 25, 20, 21, 23, 0]
Cost 90511.43504011605

Route 3
[0, 93, 45, 76, 69, 55, 63, 104, 84, 59, 10, 37, 11, 6, 3, 0]
Cost 51336.172552923774

Route 4
[0, 42, 41, 73, 82, 105, 88, 54, 86, 87, 0]
Cost 20968.559153738825

Route 5
[0, 103, 113, 47, 78, 71, 52, 83, 91, 108, 36, 0]
Cost 36012.33371713128

Route 6
[0, 96, 107, 75, 44, 49, 65, 62, 0]
Cost 30543.664692540817

Route 7
[0, 53, 61, 90, 89, 56, 97, 66, 92, 16, 34, 14, 0]
Cost 31532.524065870373