Total cost 428451.443538
Time for construction 0.09175419807434082
Time for local search 5.776556730270386

Route 0
[0, 104, 63, 55, 59, 84, 99, 43, 60, 70, 46, 1, 12, 3, 6, 37, 10, 11, 31, 7, 30, 0]
Cost 76679.4812473

Route 1
[0, 64, 81, 48, 94, 110, 68, 106, 79, 95, 39, 35, 2, 19, 28, 38, 16, 34, 21, 20, 0]
Cost 82074.5676385

Route 2
[0, 109, 52, 47, 78, 71, 80, 58, 100, 102, 57, 27, 24, 22, 18, 8, 25, 13, 26, 4, 9, 17, 15, 33, 0]
Cost 84649.13187

Route 3
[0, 42, 41, 87, 61, 53, 92, 90, 89, 56, 97, 66, 23, 14, 32, 29, 5, 0]
Cost 53557.0064033

Route 4
[0, 107, 101, 40, 111, 112, 72, 67, 51, 98, 36, 0]
Cost 41749.4338788

Route 5
[0, 86, 54, 88, 76, 69, 45, 62, 93, 0]
Cost 31832.0971422

Route 6
[0, 73, 105, 82, 65, 49, 74, 44, 85, 75, 77, 0]
Cost 31281.8940844

Route 7
[0, 96, 108, 91, 83, 113, 103, 50, 0]
Cost 26627.8312732