Total cost 407511.209021
Time for construction 0.09075760841369629
Time for local search 5.705746173858643

Route 0
[0, 45, 69, 55, 63, 104, 59, 84, 99, 43, 60, 70, 46, 1, 12, 37, 10, 11, 31, 7, 6, 3, 5, 29, 0]
Cost 77594.443479

Route 1
[0, 82, 76, 81, 48, 94, 110, 68, 106, 79, 95, 39, 64, 30, 2, 35, 19, 28, 38, 16, 34, 0]
Cost 78171.6688865

Route 2
[0, 98, 111, 51, 109, 52, 47, 78, 71, 80, 58, 100, 102, 57, 27, 24, 22, 18, 8, 21, 20, 25, 13, 26, 4, 9, 17, 15, 33, 0]
Cost 107963.99805

Route 3
[0, 53, 92, 103, 50, 108, 91, 113, 83, 67, 72, 112, 40, 101, 36, 0]
Cost 58955.8759624

Route 4
[0, 42, 73, 86, 54, 88, 105, 93, 62, 65, 49, 74, 32, 0]
Cost 34239.5919775

Route 5
[0, 41, 87, 61, 90, 89, 56, 97, 66, 23, 14, 0]
Cost 27234.7063196

Route 6
[0, 96, 107, 85, 44, 75, 77, 0]
Cost 23350.9243464