Total cost 602429.8390452566
Time for construction 0.28122615814208984
Time for best relocate 10.566307306289673
Time for best exchange 1.839651346206665
Time for best improvement 12.405958652496338

Route 0
[0, 133, 123, 91, 82, 130, 83, 107, 113, 10, 60, 1, 2, 68, 65, 17, 22, 53, 0]
Cost 285707.04142087384

Route 1
[0, 122, 149, 109, 118, 90, 98, 136, 80, 143, 61, 64, 9, 20, 30, 75, 45, 3, 0]
Cost 285707.04142087384

Route 2
[0, 115, 81, 146, 79, 86, 102, 119, 117, 59, 32, 35, 34, 4, 19, 13, 66, 44, 0]
Cost 285707.04142087384

Route 3
[0, 140, 77, 105, 104, 137, 88, 150, 48, 69, 12, 33, 42, 8, 37, 27, 0]
Cost 247973.30211340685

Route 4
[0, 101, 126, 134, 100, 92, 125, 16, 6, 57, 49, 31, 7, 63, 18, 28, 40, 0]
Cost 263513.41231250134

Route 5
[0, 103, 87, 145, 112, 108, 84, 94, 95, 96, 99, 124, 43, 51, 70, 54, 24, 56, 11, 0]
Cost 298195.84608745424

Route 6
[0, 144, 78, 132, 131, 147, 120, 135, 106, 89, 93, 46, 14, 73, 47, 21, 38, 50, 55, 0]
Cost 298195.84608745424

Route 7
[0, 141, 110, 127, 142, 97, 114, 121, 41, 62, 5, 29, 58, 23, 72, 0]
Cost 239762.51427057473

Route 8
[0, 129, 138, 139, 76, 116, 128, 111, 85, 148, 25, 15, 74, 36, 67, 39, 26, 52, 0]
Cost 285707.04142087384

Route 9
(0, 71, 0)
Cost 19546.277706346027