Total cost 523838.96623696765
Time for construction 0.26505303382873535
Time for best relocate 16.63637614250183
Time for best exchange 1.2693700790405273
Time for best improvement 17.90574622154236

Route 0
[0, 133, 123, 91, 82, 130, 121, 83, 107, 113, 10, 60, 1, 17, 22, 53, 74, 2, 68, 65, 62, 0]
Cost 72268.75056433362

Route 1
[0, 145, 112, 80, 143, 109, 149, 118, 90, 98, 136, 61, 45, 3, 64, 9, 20, 30, 75, 40, 39, 0]
Cost 72080.50662321768

Route 2
[0, 124, 99, 115, 125, 146, 79, 86, 102, 117, 119, 81, 34, 35, 32, 59, 19, 66, 13, 63, 7, 4, 0]
Cost 99858.47447110445

Route 3
[0, 94, 95, 96, 77, 140, 105, 104, 137, 88, 150, 48, 69, 12, 70, 54, 33, 42, 8, 37, 5, 0]
Cost 57741.75077946145

Route 4
[0, 111, 101, 126, 128, 120, 135, 134, 100, 92, 49, 57, 31, 18, 52, 38, 26, 16, 6, 72, 0]
Cost 61436.39175608493

Route 5
[0, 141, 110, 103, 89, 87, 144, 127, 142, 108, 122, 84, 11, 56, 24, 43, 51, 58, 29, 23, 0]
Cost 71179.99155954951

Route 6
[0, 129, 138, 139, 76, 78, 132, 131, 147, 116, 106, 93, 46, 14, 73, 28, 47, 21, 50, 55, 44, 71, 0]
Cost 58535.510223445075

Route 7
[0, 85, 148, 114, 97, 15, 25, 36, 41, 27, 67, 0]
Cost 30737.590259770815