Total cost 512260.6548074666
Time for construction 0.2612779140472412
Time for best relocate 17.496551990509033
Time for best exchange 0.5942521095275879
Time for best improvement 18.09080410003662

Route 0
[0, 124, 99, 137, 88, 133, 123, 91, 82, 130, 121, 83, 107, 113, 10, 60, 1, 17, 22, 53, 74, 2, 68, 65, 62, 69, 41, 0]
Cost 91037.42823952793

Route 1
[0, 112, 145, 87, 80, 136, 143, 109, 149, 118, 94, 95, 98, 90, 9, 56, 64, 61, 20, 30, 75, 40, 55, 39, 45, 3, 0]
Cost 91697.93285374317

Route 2
[0, 92, 100, 146, 79, 86, 102, 117, 119, 81, 97, 115, 4, 15, 34, 35, 32, 59, 19, 66, 13, 63, 7, 31, 57, 0]
Cost 80744.01753653858

Route 3
[0, 108, 127, 148, 114, 122, 84, 140, 77, 96, 105, 104, 150, 48, 12, 54, 70, 43, 51, 24, 33, 42, 8, 37, 29, 0]
Cost 84246.33504473156

Route 4
[0, 85, 111, 131, 147, 116, 106, 135, 134, 120, 128, 126, 125, 101, 6, 16, 49, 18, 47, 73, 28, 21, 38, 52, 26, 71, 0]
Cost 84172.3008303338

Route 5
[0, 129, 138, 139, 76, 132, 78, 110, 141, 142, 144, 103, 89, 93, 14, 46, 50, 44, 23, 11, 58, 5, 27, 36, 25, 67, 0]
Cost 76164.73177571777

Route 6
(0, 72, 0)
Cost 4197.908526873829