Total cost 530436.929821
Time for construction 0.18051743507385254
Time for local search 8.961043119430542

Route 0
[0, 120, 106, 135, 100, 86, 102, 79, 119, 117, 83, 107, 113, 10, 60, 1, 17, 22, 35, 59, 66, 13, 63, 7, 31, 49, 0]
Cost 102426.81005

Route 1
[0, 108, 149, 94, 95, 96, 124, 99, 137, 88, 104, 150, 133, 123, 91, 82, 2, 68, 65, 62, 48, 69, 12, 43, 51, 70, 54, 33, 0]
Cost 69358.8325022

Route 2
[0, 111, 147, 116, 103, 89, 93, 87, 80, 143, 118, 140, 77, 98, 90, 136, 61, 20, 30, 75, 40, 46, 14, 73, 47, 21, 38, 52, 44, 0]
Cost 103634.144434

Route 3
[0, 76, 132, 131, 128, 134, 126, 92, 146, 81, 4, 32, 19, 57, 16, 26, 18, 28, 50, 55, 39, 9, 45, 0]
Cost 97044.6965749

Route 4
[0, 129, 141, 110, 78, 139, 125, 101, 115, 97, 114, 121, 130, 41, 37, 8, 42, 24, 56, 11, 64, 3, 23, 0]
Cost 73953.5508926

Route 5
[0, 138, 142, 127, 144, 145, 112, 109, 84, 122, 105, 148, 85, 6, 34, 25, 15, 53, 74, 36, 27, 5, 58, 29, 67, 72, 0]
Cost 80118.747166

Route 6
(0, 71, 0)
Cost 3900.14820231