Total cost 471399.6422345023
Time for construction 0.1916179656982422
Time for best relocate 9.059762239456177
Time for best exchange 0.16593074798583984
Time for best improvement 9.225692987442017

Route 0
[0, 51, 41, 105, 29, 123, 58, 34, 49, 118, 1, 14, 23, 2, 19, 25, 18, 15, 8, 0]
Cost 255723.97996896945

Route 1
[0, 66, 120, 52, 36, 65, 50, 42, 37, 46, 79, 56, 32, 3, 24, 10, 22, 5, 17, 0]
Cost 255723.97996896945

Route 2
[0, 113, 80, 53, 68, 44, 43, 121, 33, 6, 12, 4, 7, 0]
Cost 177468.12370862006

Route 3
[0, 85, 31, 83, 26, 95, 111, 103, 112, 82, 0]
Cost 121882.48509280456

Route 4
[0, 108, 77, 54, 104, 64, 109, 92, 124, 114, 27, 60, 28, 107, 0]
Cost 194963.47080434812

Route 5
[0, 39, 119, 110, 86, 30, 117, 89, 76, 0]
Cost 110259.48182342535

Route 6
[0, 101, 106, 88, 38, 93, 94, 55, 97, 81, 16, 21, 0]
Cost 155361.43754809388

Route 7
[0, 116, 100, 70, 47, 57, 96, 71, 78, 115, 59, 99, 40, 0]
Cost 177468.12370862006

Route 8
[0, 63, 102, 125, 75, 98, 73, 69, 61, 91, 90, 11, 0]
Cost 155361.43754809388

Route 9
[0, 122, 74, 48, 84, 35, 72, 87, 62, 45, 67, 9, 20, 13, 0]
Cost 194963.47080434812