Total cost 471834.28064786573
Time for construction 0.22603845596313477
Time for best relocate 8.241167068481445
Time for best exchange 0.18891525268554688
Time for best improvement 8.430082321166992

Route 0
[0, 118, 69, 98, 41, 73, 105, 29, 49, 34, 123, 58, 14, 1, 23, 2, 19, 25, 18, 15, 11, 0]
Cost 280716.7494482856

Route 1
[0, 120, 111, 103, 46, 37, 42, 65, 67, 36, 52, 32, 56, 79, 24, 10, 22, 5, 17, 6, 12, 4, 7, 0]
Cost 313621.24576130946

Route 2
[0, 115, 116, 78, 71, 70, 96, 57, 54, 77, 108, 104, 64, 113, 107, 99, 59, 8, 0]
Cost 248513.90028841113

Route 3
[0, 114, 124, 44, 43, 121, 33, 31, 83, 26, 82, 112, 95, 0]
Cost 177468.12370862006

Route 4
[0, 48, 122, 74, 28, 60, 109, 92, 27, 80, 53, 68, 85, 0]
Cost 177468.12370862006

Route 5
[0, 106, 94, 45, 62, 117, 30, 39, 119, 110, 86, 50, 3, 13, 20, 9, 16, 21, 0]
Cost 248513.90028841113

Route 6
[0, 87, 72, 81, 51, 75, 88, 38, 93, 55, 97, 35, 0]
Cost 155361.43754809388

Route 7
[0, 101, 89, 84, 63, 102, 125, 61, 47, 100, 91, 90, 40, 0]
Cost 177468.12370862006

Route 8
(0, 76, 66, 0)
Cost 42297.5398762659