Total cost 408412.4392324448
Time for construction 0.21583819389343262
Time for local search 19.36345386505127

Route 0
[0, 75, 98, 73, 41, 93, 38, 105, 29, 69, 49, 34, 47, 123, 58, 118, 1, 14, 23, 2, 19, 25, 18, 15, 8, 0]
Cost 100185.05809993403

Route 1
[0, 60, 109, 92, 27, 114, 124, 113, 80, 53, 68, 44, 43, 121, 33, 31, 6, 12, 4, 7, 17, 5, 22, 10, 24, 3, 13, 20, 9, 16, 21, 0]
Cost 93723.78038090948

Route 2
[0, 120, 95, 65, 32, 56, 79, 42, 37, 111, 46, 103, 112, 83, 26, 82, 85, 0]
Cost 51935.0465558318

Route 3
[0, 99, 59, 115, 78, 96, 108, 77, 54, 57, 61, 70, 71, 104, 64, 28, 107, 74, 122, 0]
Cost 55049.75446769204

Route 4
[0, 72, 87, 39, 119, 110, 86, 50, 52, 36, 67, 45, 62, 117, 30, 0]
Cost 45060.0220561816

Route 5
[0, 48, 40, 63, 102, 125, 51, 106, 88, 55, 94, 97, 81, 89, 35, 84, 101, 0]
Cost 32876.415273574545

Route 6
[0, 66, 76, 90, 91, 100, 116, 11, 0]
Cost 29582.362398321304