Total cost 510380.053958
Time for construction 0.18450713157653809
Time for local search 11.839348077774048

Route 0
(0, 66, 67, 145, 122, 106, 137, 86, 53, 68, 85, 88, 1, 14, 30, 5, 35, 49, 47, 36, 20, 50, 13, 7, 4, 12, 0)
Cost 84051.2131945

Route 1
(0, 60, 76, 91, 65, 73, 56, 103, 95, 69, 134, 133, 92, 42, 2, 31, 17, 28, 39, 33, 43, 48, 27, 0)
Cost 66146.403233

Route 2
(0, 55, 121, 77, 118, 61, 131, 123, 114, 78, 72, 38, 6, 11, 8, 15, 37, 9, 40, 21, 45, 29, 16, 0)
Cost 95129.1704486

Route 3
(0, 136, 97, 120, 126, 150, 64, 144, 113, 117, 149, 93, 75, 98, 130, 22, 10, 34, 24, 44, 19, 25, 26, 18, 46, 23, 0)
Cost 92201.9486753

Route 4
(0, 138, 90, 94, 101, 115, 148, 71, 112, 80, 41, 0)
Cost 39737.5933018

Route 5
(0, 74, 107, 100, 70, 79, 63, 146, 58, 147, 99, 116, 3, 0)
Cost 38194.2249289

Route 6
(0, 105, 132, 110, 127, 128, 143, 140, 139, 32, 0)
Cost 21607.9391441

Route 7
(0, 135, 111, 54, 109, 108, 59, 102, 96, 83, 0)
Cost 26026.3038879

Route 8
(0, 62, 51, 142, 129, 82, 89, 119, 104, 87, 0)
Cost 26472.9085439

Route 9
(0, 57, 81, 52, 141, 125, 124, 84, 0)
Cost 20812.3485999