Total cost 492194.36271179357
Time for construction 0.4149143695831299
Time for best relocate 29.917888641357422
Time for best exchange 0.3425776958465576
Time for best improvement 30.26046633720398

Route 0
[0, 57, 138, 90, 122, 106, 137, 88, 86, 53, 85, 68, 45, 29, 16, 40, 21, 9, 46, 1, 14, 30, 23, 0]
Cost 367553.5407503016

Route 1
[0, 102, 123, 114, 78, 56, 103, 95, 69, 134, 133, 92, 42, 2, 31, 17, 28, 39, 33, 43, 48, 7, 4, 12, 0]
Cost 376960.3907012682

Route 2
[0, 89, 82, 116, 126, 64, 144, 150, 147, 146, 58, 99, 13, 50, 20, 36, 47, 49, 35, 5, 22, 34, 3, 24, 32, 0]
Cost 389958.0860354419

Route 3
[0, 62, 83, 96, 72, 74, 51, 107, 65, 73, 27, 38, 6, 19, 37, 18, 26, 0]
Cost 268248.7213392674

Route 4
[0, 135, 111, 94, 148, 71, 112, 80, 81, 41, 0]
Cost 147768.98757557885

Route 5
[0, 66, 98, 75, 67, 145, 125, 141, 52, 101, 121, 131, 11, 8, 15, 25, 0]
Cost 244681.73591473757

Route 6
[0, 59, 118, 61, 77, 115, 108, 109, 54, 55, 0]
Cost 147768.98757557885

Route 7
[0, 87, 119, 142, 129, 63, 79, 70, 100, 91, 76, 60, 44, 0]
Cost 195655.5767189122

Route 8
[0, 143, 136, 120, 113, 117, 149, 93, 130, 97, 128, 127, 110, 10, 0]
Cost 213399.83238095674

Route 9
[0, 105, 132, 124, 84, 140, 139, 104, 0]
Cost 116616.67423999294