Total cost 487170.33737807826
Time for construction 0.3404824733734131
Time for best relocate 24.95414662361145
Time for best exchange 0.3371138572692871
Time for best improvement 25.291260480880737

Route 0
[0, 75, 67, 145, 122, 106, 137, 88, 86, 53, 85, 68, 90, 16, 29, 45, 21, 40, 9, 46, 1, 14, 30, 23, 5, 22, 0]
Cost 396326.2802064766

Route 1
[0, 107, 65, 133, 114, 123, 78, 72, 56, 103, 95, 69, 134, 92, 42, 2, 31, 17, 28, 39, 33, 43, 48, 27, 38, 6, 0]
Cost 396326.2802064766

Route 2
[0, 89, 82, 116, 64, 144, 150, 79, 63, 129, 58, 146, 99, 147, 50, 20, 36, 13, 7, 4, 3, 47, 49, 35, 34, 10, 24, 32, 0]
Cost 414054.017297233

Route 3
[0, 115, 101, 94, 71, 148, 121, 77, 118, 61, 131, 11, 8, 15, 25, 19, 37, 18, 26, 0]
Cost 292385.6402760789

Route 4
[0, 104, 119, 142, 70, 100, 91, 76, 73, 74, 51, 60, 12, 44, 0]
Cost 213399.83238095674

Route 5
[0, 128, 130, 93, 98, 66, 125, 141, 52, 138, 112, 80, 81, 57, 0]
Cost 213399.83238095674

Route 6
[0, 62, 83, 96, 102, 59, 135, 111, 54, 109, 108, 55, 41, 0]
Cost 195655.5767189122

Route 7
[0, 84, 127, 143, 136, 97, 120, 149, 117, 113, 126, 140, 139, 87, 0]
Cost 213399.83238095674

Route 8
[0, 124, 110, 132, 105, 0]
Cost 64316.864810810795