Total cost 483835.242355
Time for construction 0.1874990463256836
Time for local search 6.849687814712524

Route 0
(0, 150, 64, 144, 117, 149, 93, 75, 67, 145, 122, 106, 137, 86, 53, 68, 85, 88, 1, 14, 30, 5, 35, 49, 47, 36, 20, 50, 13, 4, 7, 48, 43, 33, 39, 28, 12, 0)
Cost 125307.247313

Route 1
(0, 82, 99, 146, 63, 79, 70, 100, 91, 65, 73, 56, 103, 95, 69, 134, 133, 92, 42, 31, 17, 27, 38, 6, 2, 11, 8, 15, 37, 9, 40, 21, 45, 29, 16, 0)
Cost 109420.495692

Route 2
(0, 60, 51, 107, 76, 142, 129, 116, 126, 136, 143, 128, 66, 98, 130, 97, 120, 113, 147, 58, 3, 24, 32, 34, 10, 22, 23, 18, 26, 25, 19, 44, 0)
Cost 94931.1599518

Route 3
(0, 74, 72, 78, 114, 123, 131, 61, 118, 77, 121, 148, 71, 112, 46, 41, 0)
Cost 54289.6412118

Route 4
(0, 125, 141, 52, 138, 90, 94, 101, 115, 108, 109, 54, 80, 81, 57, 0)
Cost 38892.9532638

Route 5
(0, 139, 140, 84, 124, 110, 127, 132, 55, 135, 111, 59, 102, 96, 83, 0)
Cost 43729.5785094

Route 6
(0, 87, 62, 119, 89, 104, 105, 0)
Cost 17264.1664121