Total cost 444437.491654
Time for construction 0.11668801307678223
Time for local search 5.467383623123169

Route 0
(0, 77, 54, 57, 47, 123, 58, 69, 98, 73, 41, 93, 38, 105, 29, 23, 14, 2, 19, 25, 18, 15, 11, 9, 20, 13, 3, 24, 10, 0)
Cost 131231.752895

Route 1
(0, 70, 61, 96, 108, 104, 64, 113, 80, 124, 114, 31, 33, 121, 43, 44, 68, 53, 12, 4, 7, 6, 17, 5, 22, 0)
Cost 101142.15169

Route 2
(0, 82, 26, 83, 112, 103, 111, 46, 79, 56, 32, 50, 42, 37, 95, 65, 36, 52, 0)
Cost 57518.4170319

Route 3
(0, 27, 92, 109, 60, 28, 107, 99, 59, 71, 78, 116, 91, 100, 34, 49, 118, 125, 51, 16, 21, 0)
Cost 49751.1165122

Route 4
(0, 110, 86, 30, 117, 67, 45, 62, 87, 94, 55, 88, 106, 75, 1, 0)
Cost 42562.7698331

Route 5
(0, 40, 115, 90, 63, 102, 97, 81, 72, 89, 39, 119, 120, 66, 85, 0)
Cost 41605.6304309

Route 6
(0, 101, 76, 35, 84, 48, 122, 74, 8, 0)
Cost 20625.6532611