Total cost 207334.91266652485
Time for construction 0.007957935333251953
Time for local search 0.018738985061645508

Route 0
(13, 13, 20, 22, 1, 5, 2, 0)
Cost 49240.81055870297

Route 1
(21, 14, 10, 12, 3, 4, 0)
Cost 37016.899743185735

Route 2
(7, 6, 19, 23, 0)
Cost 29872.641808508004

Route 3
(18, 7, 14, 21, 0)
Cost 29485.216883451307

Route 4
(13, 13, 25, 11, 0)
Cost 18651.723899302007

Route 5
(0, 17, 9, 24, 0)
Cost 24234.55518264787

Route 6
(8, 15, 0)
Cost 8313.847579959496

Route 7
(7, 18, 0)
Cost 10519.217010767456