Total cost 245015.12789905653
Time for construction 0.00864720344543457
Time for local search 0.039266109466552734

Route 0
(20, 20, 25, 29, 26, 9, 9, 10, 4, 0)
Cost 49607.41602655354

Route 1
(15, 22, 23, 18, 9, 9, 0)
Cost 38387.648060486215

Route 2
(14, 15, 24, 28, 21, 3, 8, 0)
Cost 42766.0410873496

Route 3
(15, 14, 19, 5, 7, 0)
Cost 42817.83455327646

Route 4
(20, 20, 30, 0)
Cost 25450.684050227355

Route 5
(0, 12, 17, 27, 16, 0)
Cost 32366.992895629166

Route 6
(0, 13, 0)
Cost 13618.511225534163