Total cost 294771.84253647464
Time for construction 0.016054630279541016
Time for local search 0.047187089920043945

Route 0
(0, 31, 37, 33, 1, 16, 5, 0)
Cost 59003.61747279424

Route 1
(0, 28, 34, 35, 23, 40, 2, 12, 18, 7, 0)
Cost 73031.32714884725

Route 2
(0, 25, 32, 24, 36, 19, 3, 8, 4, 0)
Cost 54413.121864303495

Route 3
(0, 38, 39, 27, 6, 9, 20, 0)
Cost 29670.819226460364

Route 4
(0, 21, 30, 13, 10, 15, 0)
Cost 33788.413379101716

Route 5
(0, 22, 29, 17, 14, 11, 0)
Cost 44684.4185675421

Route 6
(0, 26, 0)
Cost 4435.732183078685