Total cost 387462.63724279095
Time for construction 0.015085697174072266
Time for local search 0.03728079795837402

Route 0
(0, 24, 20, 27, 17, 1, 6, 3, 0)
Cost 65087.69958657284

Route 1
(0, 11, 9, 16, 2, 7, 4, 0)
Cost 52564.534866419446

Route 2
(0, 23, 13, 5, 8, 0)
Cost 44571.061143761384

Route 3
(0, 25, 38, 35, 0)
Cost 27880.928656987577

Route 4
(0, 12, 37, 14, 28, 0)
Cost 33310.554100004156

Route 5
(0, 21, 30, 10, 0)
Cost 31786.928931391587

Route 6
(0, 29, 34, 0)
Cost 25454.58838957855

Route 7
(0, 19, 18, 0)
Cost 32343.002001577133

Route 8
(0, 22, 32, 26, 0)
Cost 31154.179928529808

Route 9
(0, 31, 36, 0)
Cost 26598.81790049275

Route 10
(0, 15, 0)
Cost 4235.625101446067

Route 11
(0, 33, 0)
Cost 14808.167476092374