Total cost 196674.85451420356
Time for construction 0.014878034591674805
Time for local search 0.16704225540161133

Route 0
(12, 12, 20, 27, 17, 1, 6, 3, 0)
Cost 39410.495271280735

Route 1
(28, 28, 28, 28, 28, 7, 5, 0)
Cost 36677.99872677219

Route 2
(29, 29, 29, 23, 4, 8, 0)
Cost 25046.39631800206

Route 3
(33, 33, 33, 25, 0)
Cost 8836.14180996612

Route 4
(28, 28, 28, 28, 28, 0)
Cost 8387.706480319874

Route 5
(33, 33, 33, 33, 0)
Cost 7404.083738046187

Route 6
(18, 18, 34, 0)
Cost 15565.820607306128

Route 7
(29, 29, 29, 0)
Cost 10392.944193057134

Route 8
(22, 22, 32, 26, 0)
Cost 21153.94633125819

Route 9
(22, 22, 36, 0)
Cost 11775.178657135084

Route 10
(31, 31, 0)
Cost 12024.142381059864