Total cost 220719.99015974248
Time for construction 0.014026641845703125
Time for local search 0.1486818790435791

Route 0
(37, 12, 20, 32, 26, 27, 17, 1, 3, 6, 8, 5, 0)
Cost 71289.35673340385

Route 1
(28, 28, 28, 28, 28, 28, 28, 7, 4, 0)
Cost 31570.61139084101

Route 2
(28, 28, 10, 38, 35, 19, 0)
Cost 22468.921546709833

Route 3
(23, 23, 23, 13, 24, 0)
Cost 26970.91123909277

Route 4
(34, 18, 33, 25, 14, 21, 0)
Cost 38076.96671290227

Route 5
(23, 23, 23, 31, 29, 0)
Cost 14777.401929486568

Route 6
(18, 34, 0)
Cost 15565.820607306128