Total cost 324785.2074961461
Time for construction 0.02462482452392578
Time for local search 0.09380578994750977

Route 0
(0, 45, 25, 35, 30, 39, 24, 1, 4, 12, 6, 14, 15, 0)
Cost 73096.18388466546

Route 1
(0, 18, 26, 42, 20, 29, 2, 8, 10, 11, 13, 0)
Cost 74335.0496557427

Route 2
(0, 32, 22, 17, 38, 5, 9, 3, 7, 0)
Cost 77880.06070917773

Route 3
(0, 21, 27, 16, 36, 19, 0)
Cost 41088.75454236197

Route 4
(0, 43, 34, 33, 23, 37, 0)
Cost 20606.66218689979

Route 5
(0, 28, 31, 41, 40, 0)
Cost 36382.556690515084

Route 6
(0, 44, 0)
Cost 1395.9398267833753