Total cost 194486.92927143228
Time for construction 0.04192185401916504
Time for local search 0.7595367431640625

Route 0
(37, 37, 37, 27, 27, 27, 27, 27, 27, 27, 27, 27, 27, 27, 27, 0)
Cost 14084.144472605092

Route 1
(40, 40, 52, 36, 34, 41, 57, 29, 30, 4, 12, 2, 25, 0)
Cost 58546.77737541225

Route 2
(59, 59, 27, 27, 27, 27, 27, 27, 27, 14, 13, 9, 0)
Cost 23574.598901525085

Route 3
(33, 33, 59, 59, 59, 6, 16, 26, 19, 15, 0)
Cost 47436.322914481854

Route 4
(37, 37, 40, 40, 40, 40, 10, 23, 28, 17, 22, 0)
Cost 30224.891229596622

Route 5
(33, 33, 31, 11, 20, 0)
Cost 20620.19437781143