Total cost 359475.56763535144
Time for construction 0.04389309883117676
Time for local search 0.16811227798461914

Route 0
(0, 33, 54, 38, 45, 53, 51, 48, 42, 1, 21, 24, 18, 3, 27, 0)
Cost 87006.57327480002

Route 1
(0, 40, 52, 36, 57, 41, 34, 25, 12, 4, 30, 29, 2, 0)
Cost 68691.70157605749

Route 2
(0, 59, 60, 32, 49, 50, 5, 8, 7, 14, 13, 9, 0)
Cost 59858.21827214086

Route 3
(0, 35, 58, 44, 43, 6, 16, 26, 23, 10, 0)
Cost 59872.90737501389

Route 4
(0, 46, 37, 47, 56, 39, 15, 19, 17, 28, 22, 0)
Cost 53027.90044853771

Route 5
(0, 31, 11, 20, 0)
Cost 24201.16807886037

Route 6
(0, 55, 0)
Cost 7486.078813370856