Total cost 317471.3691842896
Time for construction 0.04163789749145508
Time for local search 0.28255724906921387

Route 0
(0, 54, 32, 50, 49, 38, 45, 53, 51, 48, 42, 1, 18, 21, 24, 30, 4, 12, 25, 0)
Cost 108361.24462042583

Route 1
(0, 33, 35, 39, 40, 52, 36, 34, 41, 57, 29, 2, 20, 3, 7, 27, 8, 14, 0)
Cost 79413.9968190259

Route 2
(0, 46, 58, 44, 43, 59, 60, 5, 13, 6, 26, 19, 15, 10, 23, 9, 0)
Cost 78460.21246405055

Route 3
(0, 37, 47, 56, 31, 22, 17, 28, 11, 16, 0)
Cost 44224.53351854292

Route 4
(0, 55, 0)
Cost 7486.078813370856