Total cost 190630.67661928645
Time for construction 0.047898054122924805
Time for local search 0.9158318042755127

Route 0
(59, 59, 60, 32, 50, 49, 38, 45, 53, 51, 13, 13, 13, 13, 13, 13, 13, 13, 13, 13, 13, 13, 27, 0)
Cost 67197.20024213707

Route 1
(47, 33, 54, 44, 35, 39, 40, 52, 36, 13, 13, 13, 13, 13, 13, 13, 13, 13, 13, 13, 13, 26, 0)
Cost 90079.4335567542

Route 2
(59, 59, 59, 59, 59, 59, 59, 43, 6, 16, 11, 22, 17, 28, 23, 10, 9, 0)
Cost 29957.87822436142

Route 3
(0, 56, 0)
Cost 12748.297141187131