Total cost 397629.5056329699
Time for construction 0.032727956771850586
Time for local search 0.34805893898010254

Route 0
(0, 27, 17, 38, 22, 1, 12, 3, 2, 8, 10, 0)
Cost 93034.26574449518

Route 1
(0, 46, 24, 21, 45, 30, 36, 28, 5, 6, 4, 7, 9, 0)
Cost 65779.77032372085

Route 2
(0, 53, 15, 47, 50, 49, 11, 0)
Cost 42071.669749937995

Route 3
(0, 20, 44, 13, 34, 54, 0)
Cost 30785.950686643537

Route 4
(0, 32, 14, 42, 39, 23, 0)
Cost 30889.050199629706

Route 5
(0, 16, 55, 31, 52, 0)
Cost 38695.328217654605

Route 6
(0, 19, 56, 41, 25, 18, 0)
Cost 21274.615472413134

Route 7
(0, 48, 33, 40, 26, 51, 0)
Cost 32453.77103551788

Route 8
(0, 43, 57, 29, 37, 0)
Cost 18567.89084492628

Route 9
(0, 35, 0)
Cost 24077.19335803075