Total cost 191035.03337446175
Time for construction 0.03787684440612793
Time for local search 0.5987999439239502

Route 0
(30, 30, 36, 28, 17, 33, 7, 7, 7, 7, 7, 7, 7, 7, 7, 5, 10, 0)
Cost 58011.56657565002

Route 1
(0, 16, 24, 7, 7, 7, 7, 7, 7, 7, 7, 7, 9, 0)
Cost 31617.269073001233

Route 2
(56, 56, 56, 56, 56, 56, 56, 56, 56, 0)
Cost 7068.968312278674

Route 3
(54, 54, 32, 14, 29, 37, 42, 39, 23, 48, 0)
Cost 41929.60458362693

Route 4
(56, 56, 56, 56, 56, 56, 56, 53, 0)
Cost 9903.840815016178

Route 5
(0, 46, 57, 43, 19, 55, 0)
Cost 42503.78401488873