Total cost 260435.06107375774
Time for construction 0.035552024841308594
Time for local search 0.2852931022644043

Route 0
(24, 24, 21, 45, 30, 36, 28, 17, 33, 38, 22, 1, 12, 3, 2, 11, 8, 7, 5, 10, 6, 4, 0)
Cost 125449.47075478548

Route 1
(24, 24, 24, 24, 51, 26, 40, 27, 35, 9, 0)
Cost 25057.391396217376

Route 2
(0, 20, 13, 47, 49, 50, 44, 15, 34, 18, 0)
Cost 47062.93102584802

Route 3
(54, 54, 53, 57, 32, 14, 29, 37, 42, 39, 23, 48, 0)
Cost 43772.39053371298

Route 4
(54, 54, 54, 25, 41, 56, 46, 0)
Cost 19084.443349636244

Route 5
(0, 43, 0)
Cost 4980.552579784697