Total cost 170207.60362727323
Time for construction 0.03395199775695801
Time for local search 0.8982889652252197

Route 0
(27, 27, 27, 27, 27, 27, 27, 27, 27, 27, 33, 38, 22, 1, 12, 3, 2, 11, 8, 7, 5, 10, 6, 4, 9, 0)
Cost 91972.49793947443

Route 1
(32, 32, 20, 13, 47, 49, 50, 18, 18, 18, 18, 18, 0)
Cost 40525.70014623967

Route 2
(27, 27, 27, 27, 27, 27, 27, 27, 27, 27, 27, 26, 0)
Cost 16467.875427171926

Route 3
(18, 18, 18, 18, 18, 25, 56, 54, 53, 57, 46, 0)
Cost 18245.168203400048

Route 4
(0, 43, 0)
Cost 4980.552579784697