Total cost 327580.03574222815
Time for construction 0.053434133529663086
Time for local search 0.40950512886047363

Route 0
(0, 38, 46, 36, 26, 58, 56, 50, 34, 67, 16, 3, 22, 1, 12, 19, 8, 0)
Cost 71254.86905617798

Route 1
(0, 57, 54, 45, 30, 41, 32, 29, 43, 68, 2, 20, 6, 4, 7, 9, 14, 13, 18, 0)
Cost 88852.49700864546

Route 2
(0, 37, 59, 47, 65, 53, 60, 63, 66, 42, 21, 23, 11, 17, 5, 10, 15, 0)
Cost 82464.07936341748

Route 3
(0, 55, 40, 44, 62, 25, 39, 24, 27, 35, 0)
Cost 40199.58780873077

Route 4
(0, 51, 49, 33, 31, 52, 48, 0)
Cost 31576.50150002835

Route 5
(0, 28, 61, 64, 0)
Cost 13232.501005228149