Total cost 320898.0625168625
Time for construction 0.07103896141052246
Time for local search 0.2189502716064453

Route 0
(0, 37, 38, 46, 52, 36, 26, 58, 56, 50, 34, 67, 16, 3, 22, 1, 12, 19, 8, 9, 7, 13, 0)
Cost 87505.60590413475

Route 1
(0, 35, 42, 66, 45, 30, 54, 41, 32, 29, 43, 68, 2, 20, 6, 4, 14, 18, 15, 17, 11, 21, 0)
Cost 110275.96694434252

Route 2
(0, 62, 44, 40, 48, 55, 59, 47, 65, 53, 60, 63, 23, 5, 10, 0)
Cost 75532.35170448165

Route 3
(0, 24, 39, 25, 27, 57, 64, 61, 28, 49, 31, 0)
Cost 40086.64545788795

Route 4
(0, 33, 51, 0)
Cost 7497.492506015587