Total cost 120297.97237178705
Time for construction 0.05306529998779297
Time for local search 2.765815019607544

Route 0
(39, 39, 39, 39, 39, 39, 39, 39, 39, 39, 39, 39, 40, 40, 14, 14, 14, 14, 14, 14, 14, 14, 14, 14, 14, 13, 0)
Cost 25450.804072288767

Route 1
(61, 61, 61, 60, 63, 42, 66, 45, 30, 54, 41, 32, 29, 14, 14, 14, 14, 14, 14, 14, 14, 14, 14, 14, 14, 15, 0)
Cost 60117.02629983559

Route 2
(39, 39, 39, 39, 39, 39, 39, 39, 24, 27, 57, 35, 64, 0)
Cost 20787.772227934336

Route 3
(61, 61, 61, 28, 49, 31, 33, 0)
Cost 13942.369771728345