Total cost 299856.1462290331
Time for construction 0.05831599235534668
Time for local search 0.6489970684051514

Route 0
(0, 37, 59, 47, 52, 36, 46, 38, 26, 58, 56, 50, 34, 67, 16, 3, 22, 1, 12, 19, 8, 9, 7, 4, 6, 13, 0)
Cost 103275.68742954463

Route 1
(0, 40, 53, 60, 63, 42, 66, 45, 30, 54, 41, 32, 29, 43, 68, 2, 20, 11, 23, 10, 5, 21, 17, 14, 18, 15, 0)
Cost 125855.45710277485

Route 2
(0, 33, 55, 48, 44, 62, 25, 39, 24, 27, 57, 35, 64, 0)
Cost 42797.12587144915

Route 3
(0, 28, 51, 49, 65, 31, 0)
Cost 27284.311323015594

Route 4
(0, 61, 0)
Cost 4743.027303315889