Total cost 196168.39293330876
Time for construction 0.05382490158081055
Time for local search 2.100375175476074

Route 0
(45, 45, 53, 65, 47, 59, 37, 38, 46, 52, 36, 26, 58, 56, 50, 34, 67, 16, 3, 18, 18, 18, 18, 18, 18, 18, 18, 18, 18, 18, 18, 21, 0)
Cost 117758.30208862218

Route 1
(61, 61, 61, 61, 61, 45, 45, 45, 45, 45, 45, 33, 18, 18, 18, 18, 18, 18, 18, 18, 18, 18, 15, 0)
Cost 34694.012223516984

Route 2
(33, 33, 31, 55, 48, 40, 44, 62, 25, 39, 24, 27, 57, 35, 64, 0)
Cost 41344.56496951164

Route 3
(61, 61, 0)
Cost 2371.5136516579446