Total cost 325749.481066096
Time for construction 0.06014299392700195
Time for local search 0.7918930053710938

Route 0
(0, 45, 53, 65, 47, 59, 37, 38, 46, 52, 36, 26, 58, 56, 50, 34, 67, 16, 3, 22, 1, 12, 19, 8, 9, 7, 4, 6, 2, 20, 13, 21, 0)
Cost 170432.31629569115

Route 1
(0, 28, 49, 68, 60, 63, 42, 66, 54, 30, 29, 43, 32, 41, 23, 10, 5, 11, 17, 14, 18, 15, 0)
Cost 105743.07301158542

Route 2
(0, 33, 31, 55, 48, 40, 44, 62, 25, 39, 24, 27, 57, 35, 64, 0)
Cost 44270.10765421135

Route 3
(0, 61, 0)
Cost 4743.027303315889

Route 4
(0, 51, 0)
Cost 4804.979500476563