Total cost 467953.8179031442
Time for construction 0.09514498710632324
Time for local search 1.4531021118164062

Route 0
(0, 90, 76, 86, 63, 57, 59, 73, 1, 30, 7, 9, 33, 21, 0)
Cost 75410.57219526176

Route 1
(0, 71, 72, 56, 62, 70, 2, 29, 15, 10, 41, 0)
Cost 60376.082495948816

Route 2
(0, 46, 48, 80, 82, 3, 36, 20, 19, 6, 0)
Cost 38652.790939585626

Route 3
(0, 77, 83, 53, 87, 89, 49, 39, 4, 45, 34, 35, 0)
Cost 66872.1024582315

Route 4
(0, 52, 61, 58, 74, 75, 26, 8, 5, 37, 43, 13, 0)
Cost 63170.5831216587

Route 5
(0, 64, 88, 79, 81, 85, 51, 67, 12, 44, 22, 31, 0)
Cost 47017.08684771282

Route 6
(0, 65, 68, 60, 50, 78, 14, 25, 40, 16, 17, 27, 0)
Cost 50903.836906849356

Route 7
(0, 84, 47, 69, 66, 42, 38, 18, 11, 0)
Cost 49605.21692469566

Route 8
(0, 54, 28, 23, 32, 24, 0)
Cost 15356.940505892848

Route 9
(0, 55, 0)
Cost 7396.9250367973855