Total cost 481424.20203652367
Time for construction 0.09503793716430664
Time for local search 3.933906555175781e-05

Route 0
(0, 89, 56, 70, 90, 76, 86, 59, 57, 63, 73, 1, 30, 7, 9, 33, 3, 35, 0)
Cost 85607.42927175849

Route 1
(0, 69, 61, 83, 53, 87, 49, 72, 62, 2, 29, 15, 10, 39, 41, 13, 0)
Cost 118851.64216957422

Route 2
(0, 74, 58, 52, 77, 67, 51, 85, 71, 4, 6, 19, 20, 36, 34, 45, 0)
Cost 68869.39535410414

Route 3
(0, 88, 64, 47, 60, 68, 65, 66, 75, 5, 26, 8, 37, 43, 22, 40, 0)
Cost 62864.776567415756

Route 4
(0, 79, 50, 82, 80, 48, 46, 11, 14, 25, 12, 44, 16, 17, 0)
Cost 52830.98586121964

Route 5
(0, 55, 84, 54, 78, 18, 38, 42, 28, 21, 0)
Cost 48908.64515383179

Route 6
(0, 23, 0)
Cost 8790.236401826745

Route 7
(0, 81, 24, 0)
Cost 15267.51686937725

Route 8
(0, 27, 0)
Cost 1471.0336501929519

Route 9
(0, 31, 0)
Cost 10944.046783525735

Route 10
(0, 32, 0)
Cost 7521.267978206866