Total cost 482336.93250097707
Time for construction 0.09481596946716309
Time for local search 3.5762786865234375e-05

Route 0
(0, 83, 89, 72, 56, 62, 70, 90, 76, 86, 59, 57, 63, 73, 1, 30, 7, 9, 33, 3, 36, 20, 2, 10, 0)
Cost 128122.46515924076

Route 1
(0, 79, 66, 75, 74, 69, 58, 61, 52, 77, 53, 87, 49, 4, 39, 15, 29, 19, 6, 34, 45, 41, 13, 0)
Cost 142688.78727610328

Route 2
(0, 48, 80, 82, 50, 88, 64, 60, 68, 65, 47, 5, 26, 8, 37, 43, 22, 44, 12, 25, 0)
Cost 71550.26775139754

Route 3
(0, 54, 78, 46, 81, 55, 84, 67, 51, 11, 14, 16, 40, 31, 17, 24, 32, 21, 42, 35, 27, 0)
Cost 86499.28555118237

Route 4
(0, 71, 18, 0)
Cost 17665.380407476474

Route 5
(0, 85, 23, 0)
Cost 20142.417147742784

Route 6
(0, 28, 0)
Cost 12127.779681376142

Route 7
(0, 38, 0)
Cost 14300.006293704908