Total cost 398042.6386878299
Time for construction 0.10735702514648438
Time for local search 1.742927074432373

Route 0
(0, 83, 89, 72, 56, 62, 70, 90, 76, 86, 63, 57, 59, 73, 1, 30, 7, 9, 33, 3, 36, 20, 19, 6, 0)
Cost 116208.54221543614

Route 1
(0, 79, 66, 75, 74, 69, 58, 61, 52, 77, 53, 87, 49, 41, 39, 10, 15, 29, 2, 34, 45, 4, 11, 0)
Cost 105722.37984786365

Route 2
(0, 48, 80, 82, 50, 88, 64, 60, 68, 65, 47, 26, 8, 37, 43, 22, 13, 44, 12, 25, 0)
Cost 74624.01514526656

Route 3
(0, 78, 46, 71, 84, 67, 51, 85, 14, 17, 16, 40, 31, 24, 32, 21, 5, 42, 35, 27, 0)
Cost 83404.93371989859

Route 4
(0, 54, 38, 28, 23, 18, 0)
Cost 16138.939718502113

Route 5
(0, 55, 0)
Cost 7396.9250367973855

Route 6
(0, 81, 0)
Cost 7970.24993334588