Total cost 320853.9394256138
Time for construction 0.09679818153381348
Time for local search 2.536491870880127

Route 0
(70, 70, 90, 87, 46, 30, 92, 83, 71, 1, 3, 6, 5, 12, 19, 2, 14, 4, 18, 0)
Cost 97645.32913007421

Route 1
(32, 32, 60, 34, 42, 64, 72, 61, 38, 7, 11, 17, 17, 17, 17, 15, 0)
Cost 50403.11036693878

Route 2
(36, 36, 41, 41, 41, 41, 41, 17, 17, 17, 17, 0)
Cost 25895.351242830777

Route 3
(76, 76, 76, 32, 32, 32, 27, 68, 33, 82, 0)
Cost 32791.492435228785

Route 4
(21, 21, 70, 70, 70, 70, 77, 78, 0)
Cost 18090.269216309734

Route 5
(41, 41, 24, 24, 24, 24, 24, 80, 0)
Cost 16702.98452861567

Route 6
(24, 24, 21, 21, 36, 36, 36, 35, 67, 66, 89, 0)
Cost 32904.09524918481

Route 7
(76, 76, 76, 76, 45, 51, 85, 58, 88, 26, 0)
Cost 29116.704506161623

Route 8
(74, 74, 74, 94, 79, 53, 93, 0)
Cost 15149.463543628804

Route 9
(74, 74, 74, 74, 0)
Cost 2155.139206640722