Total cost 351118.42294912087
Time for construction 0.1183476448059082
Time for local search 3.646512031555176

Route 0
(70, 70, 70, 84, 90, 87, 46, 30, 92, 83, 71, 1, 3, 6, 5, 12, 19, 2, 14, 4, 18, 8, 11, 0)
Cost 110500.30225030628

Route 1
(32, 32, 25, 25, 25, 25, 25, 25, 72, 64, 38, 7, 10, 9, 17, 15, 16, 13, 0)
Cost 74153.65353203316

Route 2
(20, 20, 32, 32, 32, 37, 37, 37, 37, 37, 37, 37, 37, 37, 37, 0)
Cost 47944.07675884032

Route 3
(37, 37, 37, 37, 37, 77, 77, 77, 77, 77, 0)
Cost 17611.107061067927

Route 4
(25, 25, 77, 77, 77, 77, 77, 70, 70, 49, 0)
Cost 26459.638400454227

Route 5
(26, 26, 26, 50, 75, 91, 66, 89, 85, 51, 58, 29, 0)
Cost 42292.48009488348

Route 6
(26, 26, 20, 20, 20, 20, 20, 20, 43, 0)
Cost 18838.475867293175

Route 7
(0, 31, 52, 74, 56, 0)
Cost 13318.688984242266