Total cost 391610.80002124934
Time for construction 0.11927914619445801
Time for local search 0.6318991184234619

Route 0
(0, 55, 22, 37, 54, 86, 40, 84, 90, 87, 46, 30, 92, 83, 71, 1, 3, 6, 5, 12, 19, 2, 4, 13, 18, 8, 10, 11, 7, 9, 17, 14, 0)
Cost 162864.54679554256

Route 1
(0, 32, 48, 27, 68, 33, 82, 62, 44, 36, 91, 75, 57, 59, 81, 63, 70, 77, 16, 15, 0)
Cost 81603.76688156127

Route 2
(0, 20, 42, 64, 38, 61, 72, 34, 60, 69, 39, 45, 76, 43, 25, 41, 0)
Cost 49112.76743104917

Route 3
(0, 29, 58, 51, 85, 89, 66, 67, 35, 94, 21, 49, 78, 23, 80, 24, 0)
Cost 50026.84319787351

Route 4
(0, 31, 52, 47, 65, 28, 50, 26, 79, 53, 93, 73, 88, 74, 0)
Cost 47236.25977487209

Route 5
(0, 56, 0)
Cost 766.6159403508383