Total cost 419471.9335294368
Time for construction 0.11657094955444336
Time for local search 0.7320461273193359

Route 0
(0, 22, 37, 40, 84, 90, 87, 46, 30, 92, 83, 71, 1, 3, 6, 5, 12, 19, 2, 4, 13, 18, 8, 10, 11, 7, 0)
Cost 144870.6129358464

Route 1
(0, 66, 67, 35, 36, 44, 62, 82, 33, 68, 27, 32, 48, 39, 69, 60, 9, 17, 15, 16, 14, 0)
Cost 74818.52146306145

Route 2
(0, 20, 34, 64, 38, 61, 72, 42, 25, 43, 76, 45, 51, 24, 0)
Cost 53730.8795128062

Route 3
(0, 21, 55, 57, 54, 86, 59, 81, 63, 70, 77, 78, 49, 0)
Cost 45360.1253947958

Route 4
(0, 29, 41, 47, 65, 28, 23, 80, 50, 75, 91, 79, 0)
Cost 51702.40138593005

Route 5
(0, 26, 94, 89, 85, 58, 88, 73, 93, 53, 74, 0)
Cost 39493.25106283606

Route 6
(0, 56, 31, 52, 0)
Cost 9496.141774160944