Total cost 422440.2553632358
Time for construction 0.18714118003845215
Time for local search 3.6970770359039307

Route 0
(98, 98, 65, 94, 55, 59, 84, 99, 43, 60, 70, 46, 1, 12, 10, 11, 31, 7, 6, 21, 0)
Cost 120661.92684692614

Route 1
(61, 61, 110, 110, 110, 106, 79, 95, 39, 68, 2, 35, 19, 28, 38, 16, 0)
Cost 60657.482461557745

Route 2
(110, 110, 17, 17, 17, 17, 17, 17, 17, 17, 17, 17, 8, 8, 8, 8, 8, 8, 36, 0)
Cost 56438.83132824313

Route 3
(113, 113, 47, 78, 71, 8, 8, 8, 8, 8, 8, 18, 25, 20, 13, 26, 23, 0)
Cost 41899.04309808558

Route 4
(41, 42, 17, 17, 17, 17, 17, 17, 17, 17, 17, 17, 17, 33, 0)
Cost 25569.08134243008

Route 5
(113, 113, 98, 98, 98, 98, 101, 107, 0)
Cost 23297.931776654194

Route 6
(42, 41, 86, 54, 88, 45, 62, 74, 0)
Cost 30795.365612538826

Route 7
(73, 73, 82, 93, 49, 44, 85, 75, 0)
Cost 25189.47054170823

Route 8
(61, 61, 61, 90, 89, 56, 97, 92, 0)
Cost 17339.427891655374

Route 9
(73, 73, 77, 96, 108, 0)
Cost 20591.694463436346