Total cost 481684.2641613105
Time for construction 0.2069108486175537
Time for local search 2.2353169918060303

Route 0
(50, 50, 98, 104, 63, 55, 59, 84, 99, 43, 60, 70, 46, 1, 12, 10, 11, 31, 7, 6, 37, 3, 30, 21, 0)
Cost 123650.77051451195

Route 1
(64, 64, 81, 48, 94, 110, 106, 79, 95, 39, 68, 2, 35, 19, 28, 38, 16, 34, 20, 0)
Cost 71888.88375586021

Route 2
(72, 72, 57, 102, 47, 78, 71, 80, 58, 100, 52, 4, 22, 24, 27, 18, 8, 25, 13, 26, 9, 17, 15, 5, 0)
Cost 101265.52668483634

Route 3
(64, 64, 86, 61, 53, 92, 90, 89, 56, 97, 66, 23, 14, 36, 33, 32, 29, 0)
Cost 59323.40005548858

Route 4
(107, 107, 72, 72, 72, 72, 72, 51, 109, 83, 0)
Cost 31751.832681390548

Route 5
(42, 41, 54, 88, 69, 45, 93, 62, 65, 74, 44, 0)
Cost 37967.66700325336

Route 6
(41, 73, 105, 82, 107, 107, 107, 96, 91, 0)
Cost 32749.35877318582

Route 7
(50, 50, 108, 113, 103, 87, 0)
Cost 21335.66470861229

Route 8
(0, 42, 0)
Cost 3669.4555454454003