Total cost 218881.5550489534
Time for construction 0.18724513053894043
Time for local search 9.181983947753906

Route 0
(98, 98, 36, 36, 36, 36, 36, 36, 36, 36, 36, 36, 36, 36, 36, 36, 36, 36, 36, 36, 36, 36, 36, 36, 36, 36, 21, 0)
Cost 34596.340456940554

Route 1
(50, 50, 82, 64, 76, 81, 48, 94, 110, 68, 39, 95, 106, 79, 14, 14, 14, 14, 14, 14, 14, 36, 36, 36, 36, 0)
Cost 62796.02325880657

Route 2
(111, 111, 36, 36, 36, 36, 36, 36, 36, 36, 36, 36, 36, 36, 36, 36, 36, 36, 36, 36, 36, 36, 14, 14, 14, 14, 0)
Cost 19887.709316391873

Route 3
(89, 89, 50, 50, 50, 111, 111, 111, 111, 111, 111, 40, 101, 33, 0)
Cost 38186.49889526772

Route 4
(0, 42, 73, 73, 73, 73, 105, 93, 62, 65, 49, 74, 44, 0)
Cost 29958.298118208942

Route 5
(73, 73, 73, 73, 73, 89, 89, 89, 89, 89, 97, 92, 0)
Cost 21791.81544179154

Route 6
(98, 98, 107, 0)
Cost 11664.86956154621