Total cost 656115.8941494626
Time for construction 0.33242011070251465
Time for local search 6.508827209472656e-05

Route 0
(0, 103, 147, 79, 86, 102, 119, 117, 83, 107, 113, 1, 10, 60, 17, 22, 35, 59, 19, 49, 0)
Cost 92907.16148895494

Route 1
(0, 104, 124, 99, 137, 88, 150, 133, 123, 91, 82, 2, 68, 65, 62, 48, 69, 12, 43, 54, 0)
Cost 63952.83667363771

Route 2
(0, 143, 94, 77, 95, 96, 90, 98, 136, 80, 3, 20, 30, 75, 40, 46, 14, 73, 28, 55, 44, 0)
Cost 71347.1154965775

Route 3
(0, 89, 106, 135, 134, 100, 146, 81, 4, 32, 13, 63, 7, 66, 31, 18, 15, 0)
Cost 91762.83383227102

Route 4
(0, 108, 145, 112, 149, 109, 118, 140, 105, 5, 8, 42, 33, 70, 51, 24, 0)
Cost 62726.516166783615

Route 5
(0, 111, 144, 87, 93, 116, 120, 126, 92, 6, 57, 52, 47, 21, 38, 50, 0)
Cost 88820.58706072837

Route 6
(0, 125, 128, 131, 132, 78, 110, 127, 9, 56, 11, 64, 61, 45, 39, 0)
Cost 61286.406054496874

Route 7
(0, 129, 85, 148, 130, 121, 114, 97, 115, 101, 16, 26, 34, 53, 74, 36, 41, 0)
Cost 67723.31248513756

Route 8
(0, 138, 139, 76, 141, 142, 84, 23, 58, 37, 27, 29, 67, 25, 72, 0)
Cost 46714.851426136614

Route 9
(0, 122, 71, 0)
Cost 8874.273464738217