Total cost 669093.4795454496
Time for construction 0.35291218757629395
Time for local search 7.128715515136719e-05

Route 0
(0, 99, 135, 100, 79, 86, 102, 119, 117, 83, 107, 113, 1, 10, 60, 17, 22, 35, 59, 19, 13, 63, 49, 44, 0)
Cost 137307.57620097912

Route 1
(0, 94, 105, 104, 124, 137, 88, 150, 133, 123, 91, 82, 2, 68, 65, 62, 48, 69, 12, 43, 51, 70, 28, 0)
Cost 96735.42774865155

Route 2
(0, 103, 109, 143, 118, 140, 77, 95, 96, 90, 98, 136, 80, 3, 20, 30, 75, 40, 46, 14, 73, 47, 21, 18, 0)
Cost 97223.51377654482

Route 3
(0, 89, 87, 93, 116, 106, 134, 92, 146, 81, 4, 32, 66, 7, 31, 57, 52, 38, 50, 55, 0)
Cost 100522.35937191335

Route 4
(0, 147, 128, 120, 126, 125, 115, 97, 114, 121, 130, 5, 8, 42, 33, 54, 24, 56, 9, 61, 0)
Cost 83316.40062435821

Route 5
(0, 127, 112, 145, 144, 78, 76, 132, 131, 101, 6, 16, 26, 39, 45, 64, 11, 37, 41, 15, 0)
Cost 77968.48372242964

Route 6
(0, 148, 85, 111, 139, 141, 110, 142, 108, 149, 84, 122, 23, 58, 29, 27, 74, 53, 36, 34, 25, 0)
Cost 57459.86430480321

Route 7
(0, 138, 67, 72, 71, 0)
Cost 15925.662802425057

Route 8
(0, 129, 0)
Cost 2928.6665907883744