Total cost 557860.2772389897
Time for construction 0.3793630599975586
Time for local search 7.514803886413574

Route 0
(0, 109, 120, 106, 135, 100, 86, 102, 79, 119, 117, 83, 107, 113, 10, 60, 1, 17, 22, 35, 59, 19, 13, 63, 7, 49, 57, 0)
Cost 109002.13314232741

Route 1
(0, 94, 95, 96, 105, 124, 99, 137, 88, 104, 150, 133, 123, 91, 82, 2, 68, 65, 62, 48, 69, 12, 43, 51, 70, 54, 33, 15, 0)
Cost 82778.5007055894

Route 2
(0, 111, 147, 116, 103, 89, 93, 87, 143, 118, 140, 77, 98, 90, 136, 80, 61, 20, 30, 75, 40, 46, 14, 73, 47, 21, 38, 52, 44, 0)
Cost 104413.4062702292

Route 3
(0, 144, 76, 132, 131, 128, 134, 126, 92, 146, 81, 4, 32, 66, 31, 18, 16, 26, 28, 50, 55, 39, 45, 64, 0)
Cost 102441.76691219117

Route 4
(0, 141, 110, 78, 139, 125, 101, 115, 97, 114, 121, 130, 41, 8, 42, 24, 56, 11, 9, 3, 37, 5, 29, 0)
Cost 88104.23646203591

Route 5
(0, 138, 108, 142, 127, 145, 112, 149, 84, 122, 148, 6, 34, 53, 74, 36, 27, 58, 23, 67, 25, 72, 0)
Cost 66914.12078720526

Route 6
(0, 85, 71, 0)
Cost 9959.361596149258

Route 7
(0, 129, 0)
Cost 2928.6665907883744