Total cost 558002.3330301486
Time for construction 0.24571514129638672
Time for local search 2.476654052734375

Route 0
(0, 72, 69, 58, 29, 98, 41, 93, 38, 105, 73, 23, 14, 2, 19, 25, 18, 15, 1, 16, 10, 0)
Cost 119493.12437173384

Route 1
(0, 124, 94, 67, 117, 36, 52, 65, 50, 42, 32, 56, 79, 24, 3, 13, 20, 9, 21, 22, 5, 6, 17, 0)
Cost 113712.80858755295

Route 2
(0, 48, 114, 31, 33, 121, 43, 44, 68, 53, 12, 4, 7, 8, 11, 0)
Cost 46959.324886365204

Route 3
(0, 27, 83, 26, 82, 112, 103, 46, 111, 37, 95, 120, 0)
Cost 38946.32704485311

Route 4
(0, 28, 113, 80, 92, 109, 60, 64, 108, 77, 54, 57, 0)
Cost 62430.91108263793

Route 5
(0, 104, 102, 97, 87, 62, 45, 30, 86, 110, 0)
Cost 43655.98399993186

Route 6
(0, 49, 34, 123, 61, 47, 96, 70, 71, 78, 100, 116, 0)
Cost 43188.54762321152

Route 7
(0, 81, 55, 88, 75, 106, 51, 125, 118, 91, 90, 0)
Cost 35337.33640509984

Route 8
(0, 84, 35, 89, 39, 119, 66, 85, 74, 99, 0)
Cost 31984.884823958637

Route 9
(0, 40, 122, 107, 59, 115, 63, 76, 0)
Cost 22171.37600494744

Route 10
(0, 101, 0)
Cost 2338.995510897787