Total cost 305280.8701398315
Time for construction 0.2400987148284912
Time for local search 9.47290301322937

Route 0
(72, 72, 106, 106, 41, 73, 98, 11, 11, 8, 8, 8, 8, 10, 10, 10, 10, 10, 10, 10, 10, 0)
Cost 53780.308892700414

Route 1
(72, 72, 67, 67, 117, 36, 52, 65, 32, 50, 42, 10, 10, 10, 10, 10, 10, 10, 10, 22, 5, 6, 12, 0)
Cost 59457.278856996956

Route 2
(48, 48, 48, 8, 8, 8, 8, 8, 8, 8, 8, 8, 8, 11, 11, 0)
Cost 9157.876797830053

Route 3
(27, 27, 83, 26, 82, 112, 103, 46, 111, 37, 95, 120, 0)
Cost 30693.81439718028

Route 4
(27, 27, 27, 27, 92, 109, 60, 64, 108, 77, 54, 57, 0)
Cost 44601.79268781238

Route 5
(48, 48, 72, 67, 67, 67, 67, 30, 86, 110, 0)
Cost 28566.805549421115

Route 6
(49, 49, 34, 123, 61, 47, 96, 70, 71, 78, 100, 116, 0)
Cost 32615.514709236453

Route 7
(35, 35, 106, 106, 106, 49, 49, 49, 49, 91, 90, 0)
Cost 23704.598309693523

Route 8
(35, 35, 35, 122, 122, 122, 122, 122, 74, 99, 0)
Cost 16191.112815536933

Route 9
(122, 122, 122, 122, 122, 122, 122, 122, 101, 0)
Cost 6511.767123423519