Total cost 410451.6491990499
Time for construction 0.21632099151611328
Time for local search 4.691230297088623

Route 0
(72, 72, 104, 104, 123, 58, 69, 98, 73, 41, 93, 38, 105, 29, 23, 14, 2, 19, 10, 10, 10, 10, 10, 10, 10, 10, 0)
Cost 110729.7481074123

Route 1
(72, 72, 30, 30, 30, 117, 36, 52, 65, 50, 42, 10, 10, 10, 10, 10, 10, 22, 5, 6, 12, 4, 7, 17, 8, 11, 0)
Cost 68675.75666017678

Route 2
(100, 100, 34, 49, 118, 125, 51, 106, 75, 88, 55, 94, 87, 21, 0)
Cost 31460.60372670927

Route 3
(104, 104, 121, 33, 31, 83, 26, 112, 103, 46, 111, 37, 95, 0)
Cost 46859.85916489425

Route 4
(109, 92, 27, 68, 43, 44, 53, 80, 113, 64, 77, 108, 0)
Cost 59236.690302889125

Route 5
(100, 100, 78, 70, 61, 57, 96, 71, 59, 99, 107, 109, 92, 60, 0)
Cost 41939.531218143704

Route 6
(72, 72, 30, 30, 30, 86, 110, 119, 39, 120, 82, 85, 0)
Cost 23142.581911034347

Route 7
(0, 48, 40, 122, 74, 115, 116, 91, 90, 101, 101, 101, 101, 76, 0)
Cost 27237.380352341395

Route 8
(101, 101, 101, 0)
Cost 1169.4977554488935