Total cost 212211.5019804218
Time for construction 0.2402341365814209
Time for local search 14.48108696937561

Route 0
(108, 108, 108, 115, 115, 115, 115, 115, 115, 115, 40, 40, 8, 8, 8, 8, 8, 8, 8, 8, 8, 8, 8, 8, 8, 8, 8, 8, 8, 11, 0)
Cost 23892.926090381392

Route 1
(116, 116, 116, 108, 108, 108, 108, 104, 27, 27, 27, 124, 114, 8, 8, 8, 8, 8, 8, 8, 8, 8, 8, 8, 8, 8, 8, 8, 8, 21, 0)
Cost 51546.28048791491

Route 2
(82, 82, 26, 83, 112, 103, 46, 50, 50, 50, 110, 110, 110, 110, 110, 52, 36, 94, 0)
Cost 41805.34459605749

Route 3
(27, 27, 107, 107, 107, 107, 107, 99, 116, 116, 116, 116, 116, 91, 34, 49, 118, 75, 88, 0)
Cost 39577.99487233875

Route 4
(110, 110, 97, 97, 97, 97, 97, 97, 97, 97, 97, 40, 40, 48, 0)
Cost 18535.96629193398

Route 5
(115, 115, 97, 97, 97, 97, 97, 97, 82, 82, 82, 82, 82, 82, 85, 0)
Cost 31184.030357137923

Route 6
(107, 107, 107, 107, 74, 122, 0)
Cost 5668.959284657405