Total cost 562352.9668316912
Time for construction 0.3577690124511719
Time for local search 4.311671018600464

Route 0
(0, 66, 67, 145, 122, 106, 137, 86, 53, 68, 85, 88, 1, 14, 30, 5, 35, 49, 36, 20, 50, 13, 47, 3, 7, 4, 0)
Cost 88519.22228475695

Route 1
(0, 60, 76, 91, 65, 73, 56, 133, 134, 103, 95, 69, 92, 42, 2, 31, 28, 39, 33, 43, 48, 17, 44, 46, 0)
Cost 86782.81884672357

Route 2
(0, 55, 121, 77, 118, 61, 131, 123, 114, 78, 72, 38, 6, 11, 8, 15, 37, 9, 40, 21, 45, 29, 16, 0)
Cost 95129.17044864688

Route 3
(0, 126, 136, 128, 75, 98, 130, 97, 120, 113, 64, 144, 117, 149, 93, 22, 10, 34, 24, 32, 12, 27, 19, 25, 18, 26, 41, 0)
Cost 88672.2636259555

Route 4
(0, 80, 138, 94, 101, 115, 148, 71, 112, 90, 23, 0)
Cost 44005.12486716746

Route 5
(0, 74, 107, 100, 70, 79, 63, 146, 147, 99, 58, 129, 0)
Cost 36636.27171606855

Route 6
(0, 57, 52, 141, 125, 127, 143, 116, 150, 82, 0)
Cost 44792.426404735794

Route 7
(0, 135, 111, 54, 109, 108, 59, 102, 96, 83, 0)
Cost 26026.303887928738

Route 8
(0, 62, 51, 142, 89, 139, 140, 110, 124, 105, 0)
Cost 29636.325049385407

Route 9
(0, 81, 132, 84, 104, 119, 0)
Cost 22148.231166898455

Route 10
(0, 87, 0)
Cost 455.3064901799666