Total cost 562705.0912545567
Time for construction 0.3354959487915039
Time for local search 5.393141984939575

Route 0
(0, 149, 93, 75, 67, 145, 122, 106, 137, 86, 53, 68, 85, 88, 1, 14, 30, 5, 35, 49, 36, 20, 50, 13, 47, 3, 7, 48, 33, 4, 0)
Cost 117976.47874048632

Route 1
(0, 63, 70, 100, 91, 65, 73, 56, 133, 134, 103, 95, 69, 92, 42, 2, 31, 17, 28, 39, 43, 27, 38, 6, 11, 15, 0)
Cost 96320.2650795178

Route 2
(0, 83, 148, 121, 96, 102, 123, 114, 131, 61, 118, 77, 8, 9, 40, 21, 45, 29, 16, 46, 37, 18, 26, 25, 19, 12, 24, 32, 0)
Cost 108459.6459722703

Route 3
(0, 58, 146, 147, 99, 116, 126, 120, 113, 144, 64, 150, 117, 97, 22, 34, 10, 23, 41, 44, 0)
Cost 71985.42971339369

Route 4
(0, 60, 51, 74, 107, 76, 79, 129, 82, 142, 89, 140, 136, 130, 98, 66, 128, 0)
Cost 54222.765392250396

Route 5
(0, 55, 80, 138, 90, 112, 71, 94, 101, 115, 108, 109, 59, 0)
Cost 35461.916258432364

Route 6
(0, 54, 135, 111, 52, 141, 125, 127, 143, 0)
Cost 31342.89636255482

Route 7
(0, 105, 132, 124, 84, 110, 139, 104, 119, 72, 78, 0)
Cost 34714.74163757045

Route 8
(0, 87, 62, 81, 57, 0)
Cost 12220.952098080586