Total cost 386682.9724200746
Time for construction 0.3439300060272217
Time for local search 15.152954816818237

Route 0
(149, 149, 93, 75, 67, 145, 122, 106, 137, 86, 53, 68, 85, 88, 1, 14, 30, 35, 35, 33, 33, 33, 33, 33, 33, 33, 33, 33, 33, 4, 0)
Cost 88680.30007799024

Route 1
(58, 63, 70, 100, 91, 65, 73, 56, 133, 134, 33, 33, 33, 33, 33, 33, 33, 33, 33, 33, 43, 27, 38, 6, 11, 15, 0)
Cost 68692.16219139486

Route 2
(112, 112, 148, 121, 96, 102, 123, 114, 131, 61, 118, 77, 8, 9, 40, 21, 24, 24, 24, 24, 24, 24, 24, 24, 24, 24, 24, 32, 0)
Cost 81171.61485768323

Route 3
(58, 58, 149, 149, 149, 149, 149, 24, 24, 24, 24, 24, 24, 24, 24, 24, 24, 24, 24, 44, 0)
Cost 29363.741592612772

Route 4
(60, 60, 51, 74, 107, 58, 58, 58, 58, 58, 89, 140, 136, 130, 98, 66, 128, 0)
Cost 38724.14046079642

Route 5
(55, 55, 112, 112, 112, 112, 71, 94, 101, 115, 108, 109, 59, 0)
Cost 29641.63934179905

Route 6
(55, 55, 135, 111, 81, 141, 125, 127, 143, 0)
Cost 24781.041858092925

Route 7
(105, 60, 60, 60, 60, 60, 60, 60, 72, 78, 0)
Cost 23583.396343894674

Route 8
(105, 105, 105, 105, 105, 0)
Cost 2044.9356958105063

Route 9
(0, 105, 0)
Cost 4089.8713916210127