Total cost 504712.42654265644
Time for construction 0.3540050983428955
Time for local search 2.8956081867218018

Route 0
(0, 150, 64, 144, 117, 149, 93, 75, 67, 145, 122, 106, 137, 86, 53, 68, 85, 88, 1, 14, 30, 5, 35, 49, 36, 20, 50, 13, 47, 3, 7, 48, 43, 33, 39, 28, 19, 0)
Cost 130186.26462347677

Route 1
(0, 58, 99, 146, 63, 79, 70, 100, 91, 65, 73, 56, 133, 134, 103, 95, 69, 92, 42, 2, 31, 17, 27, 38, 6, 11, 8, 15, 37, 9, 40, 21, 45, 29, 16, 46, 0)
Cost 114278.23178287267

Route 2
(0, 60, 74, 107, 76, 142, 82, 116, 126, 136, 143, 128, 66, 98, 130, 97, 120, 113, 147, 129, 4, 12, 32, 24, 34, 10, 22, 23, 18, 26, 25, 41, 44, 0)
Cost 105400.72200573745

Route 3
(0, 51, 72, 78, 114, 123, 131, 61, 118, 77, 121, 148, 71, 90, 0)
Cost 55246.58549900049

Route 4
(0, 125, 141, 52, 138, 112, 94, 101, 115, 108, 109, 54, 80, 81, 57, 0)
Cost 38606.877710008615

Route 5
(0, 139, 140, 84, 124, 110, 127, 132, 55, 135, 111, 59, 102, 96, 83, 0)
Cost 43729.5785094135

Route 6
(0, 62, 119, 89, 104, 105, 0)
Cost 17074.281217502798

Route 7
(0, 87, 0)
Cost 455.3064901799666