Total cost 401800.214237
Time for construction 0.04886937141418457
Time for local search 3.9135375022888184

Route 0
[0, 79, 82, 80, 48, 46, 90, 76, 86, 63, 57, 59, 73, 30, 1, 36, 20, 2, 29, 7, 9, 33, 0]
Cost 92573.0702495

Route 1
[0, 66, 65, 64, 88, 78, 81, 62, 70, 50, 60, 68, 42, 38, 35, 3, 45, 34, 19, 6, 15, 10, 0]
Cost 114622.133925

Route 2
[0, 55, 85, 51, 89, 87, 72, 56, 49, 71, 4, 39, 41, 25, 12, 44, 40, 16, 27, 0]
Cost 61020.6939565

Route 3
[0, 84, 67, 53, 77, 83, 52, 61, 74, 58, 69, 47, 75, 26, 8, 37, 43, 13, 22, 5, 21, 32, 24, 0]
Cost 93664.6674198

Route 4
(0, 11, 0)
Cost 1844.55956803

Route 5
(0, 14, 0)
Cost 3560.36177937

Route 6
(0, 17, 0)
Cost 5564.21494912

Route 7
(0, 18, 0)
Cost 5337.22811954

Route 8
[0, 54, 28, 23, 0]
Cost 12669.2374872

Route 9
(0, 31, 0)
Cost 10944.0467835