Total cost 230914.94835468635
Time for construction 0.034677982330322266
Time for local search 0.02732682228088379

Route 0
(0, 20, 22, 1, 0)
Cost 30501.027391293013

Route 1
[0, 15, 8, 2, 0]
Cost 16130.007781888897

Route 2
[0, 13, 25, 12, 10, 3, 0]
Cost 42904.259744124596

Route 3
[0, 11, 14, 4, 0]
Cost 33621.46362073002

Route 4
[0, 24, 9, 17, 5, 0]
Cost 24516.31078611337

Route 5
[0, 7, 16, 21, 0]
Cost 31925.364213175795

Route 6
(0, 18, 0)
Cost 15434.29233881489

Route 7
(0, 6, 19, 23, 0)
Cost 35882.22247854579