Total cost 253734.5197757893
Time for construction 0.06874394416809082
Time for local search 0.033582210540771484

Route 0
(0, 26, 27, 29, 6, 1, 0)
Cost 28426.96004253862

Route 1
(0, 28, 24, 21, 4, 3, 0)
Cost 40419.750453702254

Route 2
(0, 14, 19, 5, 0)
Cost 29163.400936471822

Route 3
(0, 12, 17, 15, 22, 7, 0)
Cost 32931.31814122532

Route 4
(0, 25, 30, 20, 10, 8, 0)
Cost 40659.05281954243

Route 5
(0, 23, 18, 2, 9, 0)
Cost 42722.22117694667

Route 6
(0, 13, 0)
Cost 13618.511225534163

Route 7
(0, 11, 16, 0)
Cost 25793.304979828