Total cost 260072.638091
Time for construction 0.11170196533203125
Time for local search 0.1186821460723877

Route 0
(0, 22, 23, 35, 2, 0)
Cost 32545.0691448

Route 1
(0, 32, 24, 36, 19, 3, 8, 4, 0)
Cost 41673.7069859

Route 2
(0, 28, 38, 37, 31, 40, 6, 9, 20, 0)
Cost 45420.4006821

Route 3
(0, 34, 25, 30, 13, 18, 12, 7, 0)
Cost 37720.3152553

Route 4
(0, 39, 33, 16, 14, 0)
Cost 30761.3282793

Route 5
(0, 27, 1, 0)
Cost 25186.2374683

Route 6
(0, 21, 10, 15, 0)
Cost 14245.0498488

Route 7
(0, 26, 29, 17, 5, 11, 0)
Cost 32520.5304261