Total cost 227554.499697
Time for construction 0.10671472549438477
Time for local search 0.10172796249389648

Route 0
[0, 24, 36, 19, 3, 8, 4, 17, 0]
Cost 45942.1988337

Route 1
[0, 27, 37, 31, 40, 6, 9, 20, 0]
Cost 44398.2011084

Route 2
[0, 21, 32, 34, 25, 30, 13, 18, 12, 7, 10, 0]
Cost 42796.5274528

Route 3
[0, 28, 38, 39, 33, 1, 0]
Cost 23329.584573

Route 4
[0, 26, 0]
Cost 4435.73218308

Route 5
[0, 22, 23, 35, 2, 15, 0]
Cost 34187.2059917

Route 6
[0, 29, 5, 16, 14, 11, 0]
Cost 32465.0495544