Total cost 218928.107408
Time for construction 0.10571742057800293
Time for local search 0.12765860557556152

Route 0
[0, 22, 23, 35, 2, 0]
Cost 32545.0691448

Route 1
[0, 24, 36, 19, 3, 8, 4, 0]
Cost 34336.8768217

Route 2
[0, 27, 37, 31, 40, 6, 9, 20, 0]
Cost 44398.2011084

Route 3
[0, 28, 38, 39, 33, 1, 0]
Cost 23329.584573

Route 4
[0, 26, 0]
Cost 4435.73218308

Route 5
[0, 21, 32, 34, 25, 30, 13, 18, 12, 7, 10, 15, 0]
Cost 42903.4948472

Route 6
[0, 29, 17, 5, 16, 14, 11, 0]
Cost 36979.1487303