Total cost 214948.77075354476
Time for construction 0.18068408966064453
Time for best relocate 0.1444079875946045
Time for best exchange 0.008710384368896484
Time for best improvement 0.15311837196350098

Route 0
[0, 22, 23, 35, 2, 0]
Cost 62646.038426199106

Route 1
[0, 24, 36, 19, 3, 8, 4, 0]
Cost 93387.2688789715

Route 2
[0, 27, 37, 31, 40, 6, 9, 20, 0]
Cost 105644.36058132896

Route 3
[0, 26, 28, 38, 39, 33, 1, 0]
Cost 93387.2688789715

Route 4
[0, 0]
Cost 9425.942976699997

Route 5
[0, 21, 32, 34, 25, 30, 13, 18, 12, 7, 10, 15, 0]
Cost 169835.2363020979

Route 6
[0, 29, 17, 5, 16, 14, 11, 0]
Cost 93387.2688789715