Total cost 336030.1624480793
Time for construction 0.17969679832458496
Time for local search 0.04505515098571777

Route 0
(0, 12, 27, 17, 1, 0)
Cost 36635.67381937202

Route 1
(0, 19, 35, 38, 2, 0)
Cost 33745.19421122007

Route 2
(0, 20, 26, 32, 6, 3, 0)
Cost 33697.505433629354

Route 3
[0, 31, 23, 5, 4, 0]
Cost 31073.461495966847

Route 4
(0, 33, 18, 7, 0)
Cost 29742.4334247072

Route 5
(0, 13, 24, 8, 0)
Cost 39692.21387468249

Route 6
(0, 16, 9, 11, 0)
Cost 24369.510992503918

Route 7
[0, 15, 37, 21, 0]
Cost 17931.16211145316

Route 8
(0, 28, 10, 25, 0)
Cost 19556.632395213313

Route 9
[0, 30, 14, 0]
Cost 22356.374045345758

Route 10
(0, 29, 34, 0)
Cost 25454.58838957855

Route 11
(0, 22, 36, 0)
Cost 21775.4122544067