Total cost 336030.162448
Time for construction 0.09773850440979004
Time for local search 0.026927947998046875

Route 0
(0, 12, 27, 17, 1, 0)
Cost 36635.6738194

Route 1
(0, 19, 35, 38, 2, 0)
Cost 33745.1942112

Route 2
(0, 20, 26, 32, 6, 3, 0)
Cost 33697.5054336

Route 3
[0, 31, 23, 5, 4, 0]
Cost 31073.461496

Route 4
(0, 33, 18, 7, 0)
Cost 29742.4334247

Route 5
(0, 13, 24, 8, 0)
Cost 39692.2138747

Route 6
(0, 16, 9, 11, 0)
Cost 24369.5109925

Route 7
[0, 15, 37, 21, 0]
Cost 17931.1621115

Route 8
(0, 28, 10, 25, 0)
Cost 19556.6323952

Route 9
[0, 30, 14, 0]
Cost 22356.3740453

Route 10
(0, 29, 34, 0)
Cost 25454.5883896

Route 11
(0, 22, 36, 0)
Cost 21775.4122544