Total cost 268534.823642
Time for construction 0.09175395965576172
Time for local search 0.02293872833251953

Route 0
(0, 12, 27, 17, 1, 0)
Cost 36635.6738194

Route 1
(0, 19, 35, 38, 2, 0)
Cost 33745.1942112

Route 2
(0, 20, 26, 32, 6, 3, 0)
Cost 33697.5054336

Route 3
(0, 16, 9, 11, 22, 36, 0)
Cost 44921.6699641

Route 4
(0, 31, 23, 13, 24, 8, 5, 4, 0)
Cost 48060.4536877

Route 5
(0, 29, 34, 18, 7, 0)
Cost 27893.7759799

Route 6
(0, 15, 37, 21, 14, 30, 0)
Cost 23911.9554979

Route 7
(0, 28, 10, 25, 33, 0)
Cost 19668.5950485