Total cost 244206.80417756215
Time for construction 0.33229994773864746
Time for best relocate 0.10701799392700195
Time for best exchange 0.010536909103393555
Time for best improvement 0.11755490303039551

Route 0
[0, 43, 17, 18, 38, 5, 11, 10, 0]
Cost 49863.42227910175

Route 1
[0, 42, 26, 20, 29, 8, 2, 13, 0]
Cost 42181.83071512414

Route 2
(0, 28, 31, 45, 35, 41, 25, 3, 7, 9, 0)
Cost 43952.69087958869

Route 3
[0, 19, 36, 16, 27, 0]
Cost 28254.703277175933

Route 4
[0, 24, 39, 30, 6, 12, 4, 1, 14, 0]
Cost 44441.50571121262

Route 5
(0, 34, 33, 23, 21, 37, 15, 0)
Cost 18414.176360031575

Route 6
(0, 32, 40, 22, 44, 0)
Cost 17098.474955327423