Total cost 234002.9449671075
Time for construction 0.29001617431640625
Time for best relocate 0.18292951583862305
Time for best exchange 0.012192487716674805
Time for best improvement 0.19512200355529785

Route 0
[0, 34, 33, 23, 21, 37, 15, 1, 14, 0]
Cost 159742.6627537828

Route 1
[0, 44, 43, 17, 18, 38, 5, 11, 10, 0]
Cost 159742.6627537828

Route 2
[0, 28, 31, 45, 6, 12, 4, 0]
Cost 115433.0391889263

Route 3
[0, 22, 32, 40, 42, 26, 20, 29, 8, 2, 13, 0]
Cost 181530.5651111482

Route 4
[0, 24, 39, 30, 35, 41, 25, 3, 7, 9, 0]
Cost 178641.50972919376

Route 5
[0, 19, 36, 16, 27, 0]
Cost 84756.59265588867