Total cost 234002.9449671075
Time for construction 0.30784106254577637
Time for best relocate 0.218353271484375
Time for best exchange 0.013483047485351562
Time for best improvement 0.23183631896972656

Route 0
[0, 34, 33, 23, 21, 37, 15, 1, 14, 0]
Cost 20019.647480549906

Route 1
[0, 44, 43, 17, 18, 38, 5, 11, 10, 0]
Cost 49868.57608555368

Route 2
[0, 28, 31, 45, 6, 12, 4, 0]
Cost 27106.32587022989

Route 3
[0, 22, 32, 40, 42, 26, 20, 29, 8, 2, 13, 0]
Cost 44830.22729072911

Route 4
[0, 24, 39, 30, 35, 41, 25, 3, 7, 9, 0]
Cost 63923.464962868966

Route 5
[0, 19, 36, 16, 27, 0]
Cost 28254.703277175933