Total cost 293705.659334
Time for construction 0.485701322555542
Time for local search 0.57147216796875

Route 0
[0, 55, 20, 1, 0]
Cost 13088.3809532

Route 1
[0, 38, 45, 53, 51, 48, 42, 21, 24, 18, 3, 0]
Cost 49633.0565345

Route 2
[0, 43, 6, 0]
Cost 17159.2994478

Route 3
[0, 58, 44, 26, 16, 11, 0]
Cost 20455.3555438

Route 4
[0, 31, 33, 35, 39, 15, 19, 17, 22, 9, 0]
Cost 41024.9387868

Route 5
[0, 54, 59, 60, 32, 49, 50, 5, 13, 14, 8, 27, 7, 0]
Cost 59568.9847843

Route 6
[0, 56, 40, 36, 52, 12, 4, 25, 10, 23, 28, 0]
Cost 51974.5324044

Route 7
[0, 37, 46, 0]
Cost 12645.7658335

Route 8
[0, 47, 34, 57, 41, 30, 29, 2, 0]
Cost 28155.3450455