Total cost 280441.78896695224
Time for construction 0.8381655216217041
Time for best relocate 0.6624488830566406
Time for best exchange 0.01860666275024414
Time for best improvement 0.6810555458068848

Route 0
[0, 55, 20, 1, 0]
Cost 38706.125846662064

Route 1
[0, 38, 45, 53, 51, 48, 42, 21, 24, 18, 3, 0]
Cost 119317.01164613153

Route 2
[0, 0]
Cost 5534.047795239936

Route 3
[0, 43, 54, 44, 58, 26, 16, 11, 0]
Cost 94269.93154906254

Route 4
[0, 31, 33, 35, 39, 15, 19, 17, 22, 9, 0]
Cost 112258.63775407962

Route 5
[0, 59, 60, 32, 49, 50, 5, 13, 14, 8, 27, 7, 0]
Cost 138437.38287683728

Route 6
[0, 56, 40, 36, 52, 12, 4, 25, 10, 23, 28, 0]
Cost 119317.01164613153

Route 7
[0, 37, 46, 6, 0]
Cost 38706.125846662064

Route 8
[0, 47, 34, 57, 41, 30, 29, 2, 0]
Cost 94269.93154906254