Total cost 266093.66071
Time for construction 0.485701322555542
Time for local search 0.7779207229614258

Route 0
[0, 55, 0]
Cost 7486.07881337

Route 1
[0, 56, 40, 36, 52, 25, 12, 4, 30, 20, 1, 0]
Cost 47771.2897896

Route 2
[0, 38, 45, 53, 51, 48, 42, 21, 24, 18, 3, 0]
Cost 49633.0565345

Route 3
[0, 43, 54, 59, 60, 32, 49, 50, 5, 8, 27, 7, 14, 13, 6, 0]
Cost 60805.6523981

Route 4
[0, 58, 44, 26, 16, 11, 0]
Cost 20455.3555438

Route 5
[0, 31, 33, 35, 39, 19, 15, 10, 23, 28, 17, 22, 9, 0]
Cost 44821.7217829

Route 6
[0, 37, 46, 0]
Cost 12645.7658335

Route 7
[0, 47, 41, 57, 34, 29, 2, 0]
Cost 22474.740014