Total cost 310006.1251792013
Time for construction 0.7010109424591064
Time for local search 0.10845422744750977

Route 0
(0, 46, 23, 39, 42, 2, 0)
Cost 28582.087360654936

Route 1
[0, 33, 38, 48, 22, 1, 12, 3, 0]
Cost 33825.40103415264

Route 2
(0, 51, 30, 36, 28, 17, 5, 10, 6, 4, 0)
Cost 50484.65122229555

Route 3
(0, 20, 44, 50, 32, 8, 0)
Cost 29757.485247411158

Route 4
(0, 26, 40, 27, 35, 7, 9, 0)
Cost 29115.01457811267

Route 5
(0, 53, 13, 15, 47, 49, 11, 0)
Cost 34745.0959413237

Route 6
(0, 31, 55, 21, 45, 24, 0)
Cost 38979.49451801929

Route 7
(0, 25, 18, 52, 34, 0)
Cost 25803.915414396546

Route 8
(0, 57, 14, 29, 37, 0)
Cost 18491.596516103535

Route 9
(0, 19, 16, 41, 56, 54, 43, 0)
Cost 20221.38334673128