Total cost 246063.4883067682
Time for construction 0.6713836193084717
Time for local search 0.23583292961120605

Route 0
(0, 57, 32, 14, 29, 37, 23, 39, 42, 2, 0)
Cost 35015.64947869381

Route 1
[0, 27, 35, 33, 38, 48, 22, 1, 12, 3, 0]
Cost 39517.13690182946

Route 2
[0, 46, 50, 44, 20, 13, 15, 47, 49, 11, 8, 0]
Cost 46981.326941405845

Route 3
(0, 40, 26, 51, 30, 36, 28, 17, 5, 10, 6, 4, 7, 9, 0)
Cost 54602.94545314964

Route 4
(0, 43, 19, 16, 31, 55, 21, 45, 24, 0)
Cost 41015.50787724004

Route 5
(0, 54, 56, 41, 25, 18, 52, 34, 53, 0)
Cost 28930.921654449427