Total cost 240010.66544587625
Time for construction 0.7566337585449219
Time for local search 0.6341838836669922

Route 0
(0, 46, 37, 29, 14, 23, 39, 42, 2, 0)
Cost 34108.44124699133

Route 1
(0, 27, 35, 33, 38, 48, 22, 1, 12, 3, 0)
Cost 39517.13690182946

Route 2
(0, 57, 32, 50, 44, 20, 13, 15, 47, 49, 11, 8, 0)
Cost 44973.45347661259

Route 3
(0, 16, 31, 55, 21, 45, 24, 30, 36, 28, 17, 5, 10, 6, 4, 7, 9, 0)
Cost 70118.48949647673

Route 4
(0, 19, 54, 56, 41, 25, 18, 52, 34, 53, 43, 0)
Cost 29165.286672351154

Route 5
(0, 40, 26, 51, 0)
Cost 22127.857651615013