Total cost 240010.665446
Time for construction 0.3889601230621338
Time for local search 0.3829762935638428

Route 0
[0, 46, 37, 29, 14, 23, 39, 42, 2, 0]
Cost 34108.441247

Route 1
[0, 27, 35, 33, 38, 48, 22, 1, 12, 3, 0]
Cost 39517.1369018

Route 2
[0, 57, 32, 50, 44, 20, 13, 15, 47, 49, 11, 8, 0]
Cost 44973.4534766

Route 3
[0, 16, 31, 55, 21, 45, 24, 30, 36, 28, 17, 5, 10, 6, 4, 7, 9, 0]
Cost 70118.4894965

Route 4
(0, 19, 54, 56, 41, 25, 18, 52, 34, 53, 43, 0)
Cost 29165.2866724

Route 5
(0, 40, 26, 51, 0)
Cost 22127.8576516