Total cost 228727.446046
Time for construction 0.38497066497802734
Time for local search 0.6183466911315918

Route 0
[0, 46, 57, 32, 14, 29, 37, 23, 39, 42, 2, 0]
Cost 37895.9694858

Route 1
[0, 27, 35, 33, 38, 48, 22, 1, 12, 3, 0]
Cost 39517.1369018

Route 2
[0, 43, 53, 13, 20, 44, 50, 49, 47, 15, 11, 8, 0]
Cost 44315.6864793

Route 3
[0, 40, 26, 51, 24, 21, 31, 55, 45, 30, 36, 28, 17, 5, 10, 6, 4, 7, 9, 0]
Cost 75550.9460904

Route 4
[0, 16, 41, 56, 25, 18, 52, 34, 54, 19, 0]
Cost 31447.7070887