Total cost 220102.43633259824
Time for construction 0.6697807312011719
Time for best relocate 0.5539896488189697
Time for best exchange 0.03769993782043457
Time for best improvement 0.5916895866394043

Route 0
[0, 19, 43, 54, 53, 57, 32, 14, 29, 37, 23, 39, 42, 2, 0]
Cost 174240.15662418903

Route 1
[0, 46, 35, 27, 33, 38, 48, 22, 1, 12, 3, 0]
Cost 126369.85141753523

Route 2
[0, 16, 41, 56, 25, 18, 52, 34, 15, 13, 20, 44, 50, 49, 47, 11, 8, 0]
Cost 215525.9783355847

Route 3
[0, 40, 26, 51, 24, 21, 31, 55, 45, 30, 36, 28, 17, 5, 10, 6, 4, 7, 9, 0]
Cost 249040.44483559707