Total cost 317854.1186271878
Time for construction 1.5226309299468994
Time for best relocate 0.48894691467285156
Time for best exchange 0.03114485740661621
Time for best improvement 0.5200917720794678

Route 0
[0, 64, 57, 27, 67, 25, 12, 0]
Cost 27660.547125463523

Route 1
(0, 40, 38, 46, 52, 36, 8, 0)
Cost 26996.68701976844

Route 2
[0, 35, 42, 66, 54, 30, 45, 29, 32, 41, 23, 21, 5, 10, 0]
Cost 46104.22674775225

Route 3
[0, 51, 49, 53, 6, 4, 13, 0]
Cost 29177.517902131425

Route 4
(0, 48, 55, 37, 59, 47, 7, 9, 15, 0)
Cost 30401.327962480398

Route 5
[0, 44, 26, 58, 56, 50, 34, 3, 22, 16, 1, 0]
Cost 42926.189799283486

Route 6
(0, 61, 63, 43, 11, 17, 0)
Cost 31054.23179144994

Route 7
[0, 33, 31, 65, 14, 18, 0]
Cost 21739.729905811444

Route 8
[0, 24, 39, 62, 19, 0]
Cost 22189.44866369966

Route 9
(0, 28, 60, 68, 2, 20, 0)
Cost 39604.21170934734