Total cost 316953.080334
Time for construction 0.8038511276245117
Time for local search 0.5036530494689941

Route 0
[0, 57, 27, 67, 25, 12, 0]
Cost 26515.6851231

Route 1
(0, 40, 38, 46, 52, 36, 8, 0)
Cost 26996.6870198

Route 2
[0, 64, 35, 42, 66, 54, 30, 45, 29, 32, 41, 23, 21, 5, 10, 0]
Cost 46348.0504566

Route 3
[0, 51, 49, 53, 6, 4, 13, 0]
Cost 29177.5179021

Route 4
(0, 48, 55, 37, 59, 47, 7, 9, 15, 0)
Cost 30401.3279625

Route 5
[0, 44, 26, 58, 56, 50, 34, 3, 22, 16, 1, 0]
Cost 42926.1897993

Route 6
(0, 61, 63, 43, 11, 17, 0)
Cost 31054.2317914

Route 7
[0, 33, 31, 65, 14, 18, 0]
Cost 21739.7299058

Route 8
[0, 24, 39, 62, 19, 0]
Cost 22189.4486637

Route 9
(0, 28, 60, 68, 2, 20, 0)
Cost 39604.2117093