Total cost 316953.0803337298
Time for construction 1.3383634090423584
Time for best relocate 0.4609336853027344
Time for best exchange 0.028219223022460938
Time for best improvement 0.4891529083251953

Route 0
[0, 57, 27, 67, 25, 12, 0]
Cost 130978.8377598654

Route 1
(0, 40, 38, 46, 52, 36, 8, 0)
Cost 140773.2509633197

Route 2
[0, 64, 35, 42, 66, 54, 30, 45, 29, 32, 41, 23, 21, 5, 10, 0]
Cost 236770.80894574168

Route 3
[0, 51, 49, 53, 6, 4, 13, 0]
Cost 140773.2509633197

Route 4
(0, 48, 55, 37, 59, 47, 7, 9, 15, 0)
Cost 157887.1317885436

Route 5
[0, 44, 26, 58, 56, 50, 34, 3, 22, 16, 1, 0]
Cost 187962.77927974812

Route 6
(0, 61, 63, 43, 11, 17, 0)
Cost 130978.8377598654

Route 7
[0, 33, 31, 65, 14, 18, 0]
Cost 130978.8377598654

Route 8
[0, 24, 39, 62, 19, 0]
Cost 112376.68293844754

Route 9
(0, 28, 60, 68, 2, 20, 0)
Cost 130978.8377598654