Total cost 369988.859849
Time for construction 2.438480854034424
Time for local search 1.5139527320861816

Route 0
[0, 80, 48, 73, 59, 63, 7, 30, 1, 0]
Cost 38048.4812356

Route 1
[0, 81, 90, 86, 76, 2, 29, 15, 19, 6, 0]
Cost 46233.7631078

Route 2
[0, 55, 85, 71, 62, 70, 10, 39, 4, 14, 11, 0]
Cost 27803.0999017

Route 3
[0, 84, 67, 53, 77, 83, 13, 44, 12, 40, 16, 0]
Cost 38718.7911863

Route 4
[0, 78, 50, 82, 57, 9, 33, 3, 35, 18, 0]
Cost 42367.4079528

Route 5
[0, 54, 23, 0]
Cost 9345.63795005

Route 6
[0, 75, 74, 58, 69, 66, 65, 47, 26, 8, 5, 21, 32, 24, 0]
Cost 43591.2917749

Route 7
[0, 51, 89, 87, 49, 56, 72, 41, 25, 17, 27, 0]
Cost 40775.6830015

Route 8
[0, 79, 88, 64, 60, 68, 42, 38, 28, 0]
Cost 28308.1752312

Route 9
[0, 61, 52, 37, 43, 22, 31, 0]
Cost 31665.029409

Route 10
[0, 46, 36, 20, 34, 45, 0]
Cost 23131.4990979