Total cost 349565.244517
Time for construction 2.357696533203125
Time for local search 0.8347682952880859

Route 0
(0, 78, 82, 57, 9, 33, 3, 0)
Cost 36958.187123

Route 1
[0, 81, 71, 62, 70, 90, 86, 76, 2, 29, 15, 10, 39, 11, 0]
Cost 48985.7067797

Route 2
[0, 55, 85, 51, 89, 87, 49, 56, 72, 41, 4, 14, 0]
Cost 36795.3448711

Route 3
(0, 79, 50, 35, 18, 0)
Cost 17401.2395947

Route 4
[0, 46, 34, 19, 6, 0]
Cost 23127.6491825

Route 5
(0, 75, 74, 58, 69, 66, 65, 60, 68, 42, 38, 28, 23, 0)
Cost 44918.9455131

Route 6
[0, 54, 88, 64, 47, 26, 8, 5, 21, 32, 24, 0]
Cost 27271.3264223

Route 7
(0, 84, 67, 53, 77, 83, 13, 44, 12, 25, 17, 27, 0)
Cost 40388.5415691

Route 8
[0, 61, 52, 37, 43, 22, 40, 16, 31, 0]
Cost 32345.0494151

Route 9
[0, 80, 48, 73, 59, 63, 7, 30, 1, 36, 20, 45, 0]
Cost 41373.2540468