Total cost 348293.29170934536
Time for construction 4.5948145389556885
Time for best relocate 1.3190107345581055
Time for best exchange 0.05415225028991699
Time for best improvement 1.3731629848480225

Route 0
(0, 78, 82, 57, 9, 33, 3, 0)
Cost 78591.36923658625

Route 1
[0, 81, 71, 62, 70, 90, 86, 76, 2, 29, 15, 10, 39, 4, 11, 0]
Cost 199023.6257673123

Route 2
[0, 55, 85, 51, 89, 87, 49, 56, 72, 41, 14, 0]
Cost 151450.4618345959

Route 3
(0, 79, 50, 35, 18, 0)
Cost 50868.7455942058

Route 4
[0, 46, 34, 19, 6, 0]
Cost 50868.7455942058

Route 5
(0, 75, 74, 58, 69, 66, 65, 60, 68, 42, 38, 28, 23, 0)
Cost 168273.6866503148

Route 6
[0, 54, 88, 64, 47, 26, 8, 5, 21, 32, 24, 0]
Cost 151450.4618345959

Route 7
(0, 84, 67, 53, 77, 83, 13, 44, 12, 25, 0)
Cost 141124.23348151363

Route 8
[0, 61, 52, 37, 43, 22, 40, 16, 31, 17, 27, 0]
Cost 151450.4618345959

Route 9
[0, 80, 48, 73, 59, 63, 7, 30, 1, 36, 20, 45, 0]
Cost 163004.00003724187