Total cost 348293.29170934536
Time for construction 4.065162897109985
Time for local search 1.7025318145751953

Route 0
(0, 78, 82, 57, 9, 33, 3, 0)
Cost 36958.18712300493

Route 1
[0, 81, 71, 62, 70, 90, 86, 76, 2, 29, 15, 10, 39, 4, 11, 0]
Cost 49055.78477326134

Route 2
[0, 55, 85, 51, 89, 87, 49, 56, 72, 41, 14, 0]
Cost 35860.9184525552

Route 3
(0, 79, 50, 35, 18, 0)
Cost 17401.23959465259

Route 4
[0, 46, 34, 19, 6, 0]
Cost 23127.649182516372

Route 5
(0, 75, 74, 58, 69, 66, 65, 60, 68, 42, 38, 28, 23, 0)
Cost 44918.94551307669

Route 6
[0, 54, 88, 64, 47, 26, 8, 5, 21, 32, 24, 0]
Cost 27271.326422302507

Route 7
(0, 84, 67, 53, 77, 83, 13, 44, 12, 25, 0)
Cost 39832.7616313647

Route 8
[0, 61, 52, 37, 43, 22, 40, 16, 31, 17, 27, 0]
Cost 32493.22496984941

Route 9
[0, 80, 48, 73, 59, 63, 7, 30, 1, 36, 20, 45, 0]
Cost 41373.25404676177