Total cost 368793.68985005294
Time for construction 4.876672029495239
Time for local search 1.744879961013794

Route 0
(0, 41, 47, 83, 92, 71, 30, 46, 6, 3, 5, 1, 0)
Cost 44176.69546708145

Route 1
(0, 24, 80, 49, 63, 81, 40, 2, 0)
Cost 29851.938912812417

Route 2
(0, 74, 79, 66, 89, 85, 27, 68, 33, 82, 18, 8, 0)
Cost 45069.566284207656

Route 3
(0, 29, 42, 34, 72, 64, 38, 61, 25, 15, 17, 0)
Cost 35118.546665536414

Route 4
(0, 20, 43, 76, 45, 60, 69, 39, 32, 48, 10, 11, 7, 9, 0)
Cost 45685.10905693582

Route 5
(0, 23, 78, 77, 84, 90, 87, 12, 0)
Cost 31657.63302789538

Route 6
(0, 50, 21, 75, 91, 36, 35, 44, 62, 67, 4, 13, 0)
Cost 42275.163861838446

Route 7
(0, 93, 53, 94, 14, 0)
Cost 16125.058935894845

Route 8
(0, 26, 55, 57, 22, 54, 86, 37, 59, 70, 19, 16, 0)
Cost 42084.70345612171

Route 9
(0, 31, 52, 65, 28, 0)
Cost 17904.54968597635

Route 10
(0, 88, 51, 58, 73, 56, 0)
Cost 18844.724495752405