Total cost 349402.86741812865
Time for construction 4.901679039001465
Time for best relocate 1.5872595310211182
Time for best exchange 0.21644043922424316
Time for best improvement 1.8036999702453613

Route 0
[0, 31, 41, 47, 83, 92, 71, 87, 30, 46, 6, 3, 5, 1, 0]
Cost 188157.88424525806

Route 1
(0, 93, 53, 79, 66, 89, 85, 27, 68, 33, 82, 18, 8, 0)
Cost 179963.42361627216

Route 2
[0, 20, 43, 42, 34, 72, 64, 38, 61, 25, 15, 17, 0]
Cost 163261.94820240527

Route 3
[0, 29, 76, 45, 60, 69, 39, 32, 48, 10, 11, 7, 9, 0]
Cost 179963.42361627216

Route 4
[0, 24, 80, 23, 78, 77, 84, 90, 12, 0]
Cost 131557.6373388764

Route 5
[0, 74, 94, 21, 75, 91, 36, 35, 44, 62, 67, 4, 13, 0]
Cost 179963.42361627216

Route 6
(0, 26, 55, 57, 22, 54, 86, 37, 59, 81, 40, 2, 14, 0)
Cost 179963.42361627216

Route 7
[0, 50, 49, 63, 70, 19, 16, 0]
Cost 106918.67494033457

Route 8
[0, 56, 73, 58, 51, 88, 52, 65, 28, 0]
Cost 131557.6373388764