Total cost 318984.7738703548
Time for construction 4.877678155899048
Time for best relocate 3.240943670272827
Time for best exchange 0.07990646362304688
Time for best improvement 3.320850133895874

Route 0
[0, 31, 47, 83, 92, 71, 65, 87, 30, 46, 6, 3, 5, 12, 0]
Cost 188157.88424525806

Route 1
[0, 56, 73, 88, 58, 66, 89, 85, 51, 27, 68, 33, 82, 18, 8, 0]
Cost 199686.40756786967

Route 2
[0, 20, 43, 42, 34, 72, 64, 38, 61, 25, 41, 15, 17, 0]
Cost 179963.42361627216

Route 3
[0, 29, 76, 45, 60, 69, 39, 32, 48, 10, 11, 7, 9, 0]
Cost 179963.42361627216

Route 4
[0, 24, 80, 23, 78, 77, 84, 90, 28, 52, 1, 0]
Cost 143246.0665830511

Route 5
[0, 74, 53, 93, 79, 35, 36, 44, 62, 67, 4, 13, 0]
Cost 163261.94820240527

Route 6
[0, 94, 21, 91, 75, 57, 55, 22, 54, 86, 37, 59, 81, 40, 2, 14, 0]
Cost 206600.0336063534

Route 7
[0, 26, 50, 49, 63, 70, 19, 16, 0]
Cost 120833.16961315688

Route 8
[0, 0]
Cost 4472.899954168436