Total cost 329385.5629555883
Time for construction 5.258953332901001
Time for best relocate 2.9343080520629883
Time for best exchange 0.07923388481140137
Time for best improvement 3.0135419368743896

Route 0
[0, 31, 47, 83, 92, 71, 65, 87, 30, 46, 6, 3, 5, 12, 0]
Cost 45677.96348022077

Route 1
[0, 91, 75, 57, 55, 22, 54, 86, 37, 59, 81, 40, 2, 0]
Cost 49740.09012804427

Route 2
[0, 56, 73, 88, 58, 66, 89, 85, 51, 27, 68, 33, 82, 18, 8, 0]
Cost 49518.70626352703

Route 3
[0, 20, 43, 42, 34, 72, 64, 38, 61, 25, 41, 15, 17, 0]
Cost 35146.59182486711

Route 4
[0, 29, 76, 45, 60, 69, 39, 32, 48, 10, 11, 7, 9, 0]
Cost 44608.81828588556

Route 5
[0, 24, 80, 23, 78, 77, 84, 90, 28, 52, 1, 0]
Cost 30792.15012312092

Route 6
(0, 93, 53, 79, 35, 36, 44, 62, 67, 4, 13, 0)
Cost 33088.78793056664

Route 7
(0, 74, 94, 21, 14, 0)
Cost 17401.26925817347

Route 8
[0, 26, 50, 49, 63, 70, 19, 16, 0]
Cost 23411.185661182568

Route 9
[0, 0]
Cost 0.0