Total cost 441292.7133004755
Time for construction 10.5898916721344
Time for best relocate 4.5170605182647705
Time for best exchange 0.07516622543334961
Time for best improvement 4.59222674369812

Route 0
(0, 77, 75, 44, 85, 46, 1, 0)
Cost 90743.04512527416

Route 1
[0, 73, 82, 105, 88, 68, 95, 39, 35, 2, 0]
Cost 157353.20169662338

Route 2
[0, 93, 62, 104, 63, 55, 6, 3, 5, 29, 32, 0]
Cost 161007.96092261898

Route 3
[0, 64, 110, 94, 48, 81, 76, 69, 45, 0]
Cost 134691.84339664498

Route 4
(0, 43, 60, 70, 12, 0)
Cost 83217.08057117055

Route 5
[0, 103, 113, 47, 78, 71, 25, 20, 21, 23, 14, 0]
Cost 161007.96092261898

Route 6
[0, 42, 41, 87, 86, 54, 106, 79, 28, 19, 0]
Cost 157353.20169662338

Route 7
(0, 50, 91, 83, 109, 52, 102, 100, 58, 80, 8, 18, 13, 26, 0)
Cost 200437.16032992545

Route 8
[0, 0]
Cost 11517.3664090364

Route 9
[0, 49, 65, 74, 99, 84, 59, 10, 37, 11, 31, 7, 30, 0]
Cost 191987.258259487

Route 10
[0, 0]
Cost 11517.3664090364

Route 11
[0, 96, 107, 101, 40, 111, 112, 72, 9, 17, 15, 33, 0]
Cost 171510.48300067242

Route 12
[0, 92, 66, 97, 56, 16, 34, 0]
Cost 90743.04512527416

Route 13
(0, 108, 98, 51, 67, 57, 27, 24, 22, 4, 36, 0)
Cost 161007.96092261898

Route 14
(0, 53, 61, 90, 89, 38, 0)
Cost 87314.07764219708