Total cost 500587.56112380116
Time for construction 30.509594917297363
Time for best relocate 5.5955870151519775
Time for best exchange 0.1786489486694336
Time for best improvement 5.774235963821411

Route 0
[0, 142, 127, 112, 145, 87, 40, 75, 30, 20, 45, 3, 0]
Cost 40249.90139116647

Route 1
[0, 146, 79, 86, 102, 19, 4, 0]
Cost 30551.29999474735

Route 2
[0, 139, 76, 132, 131, 147, 116, 106, 135, 63, 13, 7, 66, 31, 16, 0]
Cost 47556.16547341267

Route 3
[0, 122, 84, 118, 94, 140, 77, 96, 95, 56, 11, 23, 0]
Cost 30249.17602542154

Route 4
(0, 85, 115, 81, 119, 117, 59, 32, 35, 34, 15, 25, 0)
Cost 27150.655658840664

Route 5
[0, 141, 78, 103, 89, 93, 46, 14, 73, 28, 47, 21, 38, 44, 0]
Cost 40794.427457070546

Route 6
(0, 114, 107, 113, 10, 60, 1, 2, 68, 65, 41, 27, 0)
Cost 41733.96148833483

Route 7
[0, 121, 130, 82, 91, 123, 62, 8, 37, 5, 29, 0]
Cost 30271.37115654242

Route 8
[0, 105, 104, 88, 137, 99, 124, 43, 51, 24, 70, 54, 12, 33, 0]
Cost 41642.64256177267

Route 9
[0, 101, 125, 100, 92, 49, 57, 6, 72, 0]
Cost 24809.35419262299

Route 10
[0, 133, 150, 48, 69, 42, 58, 0]
Cost 25050.3082791736

Route 11
[0, 108, 149, 109, 143, 80, 136, 90, 98, 9, 61, 64, 0]
Cost 31283.5705834213

Route 12
(0, 148, 97, 83, 17, 22, 53, 74, 36, 67, 0)
Cost 31653.88118280842

Route 13
[0, 129, 138, 110, 144, 50, 55, 39, 71, 0]
Cost 24697.116635072114

Route 14
[0, 111, 128, 126, 134, 120, 18, 52, 26, 0]
Cost 32893.72904339374