Total cost 500587.56112380116
Time for construction 30.65934467315674
Time for best relocate 5.455155611038208
Time for best exchange 0.1451120376586914
Time for best improvement 5.600267648696899

Route 0
[0, 142, 127, 112, 145, 87, 40, 75, 30, 20, 45, 3, 0]
Cost 166033.20677931677

Route 1
[0, 146, 79, 86, 102, 19, 4, 0]
Cost 73747.63186082835

Route 2
[0, 139, 76, 132, 131, 147, 116, 106, 135, 63, 13, 7, 66, 31, 16, 0]
Cost 239762.51427057473

Route 3
[0, 122, 84, 118, 94, 140, 77, 96, 95, 56, 11, 23, 0]
Cost 166033.20677931677

Route 4
(0, 85, 115, 81, 119, 117, 59, 32, 35, 34, 15, 25, 0)
Cost 166033.20677931677

Route 5
[0, 141, 78, 103, 89, 93, 46, 14, 73, 28, 47, 21, 38, 44, 0]
Cost 217349.14522440053

Route 6
(0, 114, 107, 113, 10, 60, 1, 2, 68, 65, 41, 27, 0)
Cost 166033.20677931677

Route 7
[0, 121, 130, 82, 91, 123, 62, 8, 37, 5, 29, 0]
Cost 157354.60130378098

Route 8
[0, 105, 104, 88, 137, 99, 124, 43, 51, 24, 70, 54, 12, 33, 0]
Cost 217349.14522440053

Route 9
[0, 101, 125, 100, 92, 49, 57, 6, 72, 0]
Cost 110805.16586871799

Route 10
[0, 133, 150, 48, 69, 42, 58, 0]
Cost 73747.63186082835

Route 11
[0, 108, 149, 109, 143, 80, 136, 90, 98, 9, 61, 64, 0]
Cost 166033.20677931677

Route 12
(0, 148, 97, 83, 17, 22, 53, 74, 36, 67, 0)
Cost 136976.4050636816

Route 13
[0, 129, 138, 110, 144, 50, 55, 39, 71, 0]
Cost 110805.16586871799

Route 14
[0, 111, 128, 126, 134, 120, 18, 52, 26, 0]
Cost 110805.16586871799