Total cost 451108.61176083446
Time for construction 15.502476215362549
Time for best relocate 3.1432862281799316
Time for best exchange 0.09015560150146484
Time for best improvement 3.2334418296813965

Route 0
(0, 40, 63, 115, 90, 49, 34, 61, 58, 123, 2, 14, 1, 0)
Cost 177468.12370862006

Route 1
[0, 101, 76, 89, 30, 36, 52, 65, 3, 13, 0]
Cost 121882.48509280456

Route 2
(0, 82, 26, 83, 5, 0)
Cost 73912.4231066312

Route 3
[0, 122, 74, 114, 121, 33, 43, 44, 68, 53, 12, 4, 7, 0]
Cost 177468.12370862006

Route 4
(0, 48, 59, 99, 107, 28, 60, 109, 92, 27, 124, 80, 113, 64, 104, 18, 15, 8, 0)
Cost 248513.90028841113

Route 5
[0, 66, 120, 95, 37, 42, 50, 32, 56, 79, 24, 10, 0]
Cost 155361.43754809388

Route 6
[0, 91, 116, 100, 70, 78, 71, 96, 108, 77, 54, 57, 47, 19, 25, 11, 0]
Cost 215884.45030058746

Route 7
[0, 39, 119, 86, 110, 0]
Cost 73912.4231066312

Route 8
[0, 102, 125, 118, 69, 75, 88, 106, 51, 97, 81, 16, 0]
Cost 155361.43754809388

Route 9
(0, 85, 31, 6, 17, 0)
Cost 73912.4231066312

Route 10
[0, 84, 35, 72, 87, 62, 45, 67, 117, 20, 9, 21, 0]
Cost 155361.43754809388

Route 11
(0, 111, 46, 103, 112, 22, 0)
Cost 81642.7915325214

Route 12
(0, 55, 94, 93, 38, 105, 73, 41, 98, 29, 23, 0)
Cost 138667.59709719702