Total cost 451108.611761
Time for construction 8.421485900878906
Time for local search 3.5245771408081055

Route 0
(0, 40, 63, 115, 90, 49, 34, 61, 58, 123, 2, 14, 1, 0)
Cost 43535.2815636

Route 1
[0, 101, 76, 89, 30, 36, 52, 65, 3, 13, 0]
Cost 32626.216763

Route 2
(0, 82, 26, 83, 5, 0)
Cost 20059.1833465

Route 3
[0, 122, 74, 114, 121, 33, 43, 44, 68, 53, 12, 4, 7, 0]
Cost 38574.6245557

Route 4
(0, 48, 59, 99, 107, 28, 60, 109, 92, 27, 124, 80, 113, 64, 104, 18, 15, 8, 0)
Cost 48030.4965401

Route 5
[0, 66, 120, 95, 37, 42, 50, 32, 56, 79, 24, 10, 0]
Cost 40423.0189617

Route 6
[0, 91, 116, 100, 70, 78, 71, 96, 108, 77, 54, 57, 47, 19, 25, 11, 0]
Cost 48666.6842892

Route 7
[0, 39, 119, 86, 110, 0]
Cost 15727.0160769

Route 8
[0, 102, 125, 118, 69, 75, 88, 106, 51, 97, 81, 16, 0]
Cost 32808.624813

Route 9
(0, 85, 31, 6, 17, 0)
Cost 30415.1235477

Route 10
[0, 84, 35, 72, 87, 62, 45, 67, 117, 20, 9, 21, 0]
Cost 28093.6434296

Route 11
(0, 111, 46, 103, 112, 22, 0)
Cost 25125.245241

Route 12
(0, 55, 94, 93, 38, 105, 73, 41, 98, 29, 23, 0)
Cost 47023.4526329