Total cost 454186.0110263337
Time for construction 15.422561883926392
Time for best relocate 3.064063549041748
Time for best exchange 0.13332772254943848
Time for best improvement 3.1973912715911865

Route 0
[0, 102, 69, 75, 106, 51, 125, 118, 49, 34, 61, 58, 123, 2, 14, 1, 0]
Cost 215884.45030058746

Route 1
[0, 50, 32, 3, 0]
Cost 63309.47177221493

Route 2
(0, 82, 26, 83, 5, 0)
Cost 73912.4231066312

Route 3
[0, 122, 74, 92, 27, 124, 114, 121, 33, 43, 44, 68, 53, 12, 4, 7, 0]
Cost 215884.45030058746

Route 4
[0, 48, 40, 115, 59, 99, 107, 28, 60, 109, 80, 113, 64, 104, 18, 15, 8, 0]
Cost 230990.49031774615

Route 5
[0, 66, 120, 95, 37, 42, 56, 79, 24, 10, 0]
Cost 121882.48509280456

Route 6
[0, 90, 91, 116, 100, 70, 78, 71, 96, 108, 77, 54, 57, 47, 19, 25, 11, 0]
Cost 230990.49031774615

Route 7
(0, 39, 119, 30, 110, 86, 52, 36, 65, 13, 0)
Cost 121882.48509280456

Route 8
(0, 63, 84, 35, 81, 97, 16, 0)
Cost 91023.28458992516

Route 9
(0, 85, 31, 6, 17, 0)
Cost 73912.4231066312

Route 10
(0, 76, 89, 72, 87, 62, 45, 67, 117, 20, 9, 21, 0)
Cost 155361.43754809388

Route 11
(0, 111, 46, 103, 112, 22, 0)
Cost 81642.7915325214

Route 12
(0, 101, 88, 55, 94, 93, 38, 105, 73, 41, 98, 29, 23, 0)
Cost 177468.12370862006