Total cost 447824.0755
Time for construction 8.424477338790894
Time for local search 2.963078260421753

Route 0
[0, 63, 49, 34, 58, 123, 2, 14, 1, 0]
Cost 33087.4397627

Route 1
[0, 50, 32, 3, 0]
Cost 28727.758177

Route 2
(0, 82, 26, 83, 5, 0)
Cost 20059.1833465

Route 3
[0, 114, 121, 33, 43, 44, 68, 53, 12, 4, 7, 0]
Cost 36780.329923

Route 4
[0, 122, 74, 59, 99, 107, 28, 60, 109, 92, 27, 124, 80, 113, 64, 104, 18, 15, 8, 0]
Cost 49900.4365253

Route 5
[0, 66, 120, 95, 37, 42, 56, 79, 24, 10, 0]
Cost 37811.2523167

Route 6
[0, 48, 40, 115, 90, 91, 116, 100, 70, 78, 71, 96, 108, 77, 54, 57, 47, 61, 19, 25, 11, 0]
Cost 53876.5493365

Route 7
(0, 39, 119, 30, 110, 86, 52, 36, 65, 13, 0)
Cost 27857.3748596

Route 8
[0, 101, 84, 35, 51, 106, 97, 81, 16, 0]
Cost 21343.8672319

Route 9
(0, 85, 31, 6, 17, 0)
Cost 30415.1235477

Route 10
(0, 76, 89, 72, 87, 62, 45, 67, 117, 20, 9, 21, 0)
Cost 27858.0960068

Route 11
(0, 111, 46, 103, 112, 22, 0)
Cost 25125.245241

Route 12
(0, 102, 125, 118, 69, 75, 88, 55, 94, 93, 38, 105, 73, 41, 98, 29, 23, 0)
Cost 54981.4192255