Total cost 452202.78437571216
Time for construction 30.30590009689331
Time for local search 12.29764986038208

Route 0
(0, 139, 140, 126, 116, 58, 146, 99, 147, 150, 20, 36, 50, 13, 3, 0)
Cost 40245.95346631284

Route 1
(0, 62, 78, 72, 56, 133, 92, 42, 31, 2, 6, 0)
Cost 33174.54670637883

Route 2
(0, 105, 132, 110, 127, 128, 130, 98, 66, 67, 75, 5, 22, 10, 0)
Cost 31022.878829739082

Route 3
(0, 104, 89, 82, 129, 63, 70, 79, 48, 43, 33, 7, 4, 12, 44, 0)
Cost 42428.74031829781

Route 4
(0, 55, 135, 111, 54, 109, 108, 59, 118, 61, 77, 8, 15, 0)
Cost 38429.940888258134

Route 5
(0, 83, 96, 102, 123, 114, 131, 11, 25, 19, 0)
Cost 38598.708641144796

Route 6
(0, 125, 141, 145, 122, 106, 137, 1, 14, 30, 23, 0)
Cost 32138.589061758943

Route 7
(0, 80, 138, 90, 112, 94, 101, 115, 121, 148, 71, 9, 37, 18, 26, 0)
Cost 46324.268189159535

Route 8
(0, 124, 84, 143, 136, 97, 120, 113, 64, 144, 117, 149, 93, 35, 49, 47, 34, 24, 32, 0)
Cost 51148.022072705244

Route 9
(0, 51, 74, 73, 65, 103, 134, 95, 69, 39, 28, 17, 27, 38, 0)
Cost 33040.467372753425

Route 10
(0, 57, 81, 52, 86, 88, 53, 68, 85, 21, 40, 45, 29, 16, 46, 41, 0)
Cost 40750.38023657761

Route 11
(0, 60, 107, 76, 91, 100, 142, 119, 87, 0)
Cost 24900.288592625624