Total cost 451728.579807
Time for construction 18.16842794418335
Time for local search 8.14622187614441

Route 0
[0, 139, 140, 126, 116, 58, 146, 99, 147, 150, 20, 36, 50, 13, 3, 0]
Cost 40245.9534663

Route 1
(0, 62, 78, 72, 56, 133, 92, 42, 31, 2, 6, 0)
Cost 33174.5467064

Route 2
[0, 105, 132, 110, 127, 128, 130, 98, 66, 67, 75, 5, 22, 10, 0]
Cost 31022.8788297

Route 3
[0, 104, 89, 82, 129, 63, 70, 79, 48, 43, 33, 7, 4, 12, 44, 0]
Cost 42428.7403183

Route 4
[0, 54, 109, 108, 59, 118, 61, 77, 8, 15, 0]
Cost 37812.4431592

Route 5
[0, 83, 96, 102, 123, 114, 131, 11, 25, 19, 0]
Cost 38598.7086411

Route 6
[0, 125, 141, 145, 122, 106, 137, 1, 14, 30, 23, 0]
Cost 32138.5890618

Route 7
(0, 55, 135, 111, 80, 138, 90, 112, 94, 101, 115, 121, 148, 71, 9, 37, 18, 26, 0)
Cost 46467.5613495

Route 8
[0, 124, 84, 143, 136, 97, 120, 113, 64, 144, 117, 149, 93, 35, 49, 47, 34, 24, 32, 0]
Cost 51148.0220727

Route 9
[0, 51, 74, 73, 65, 103, 134, 95, 69, 39, 28, 17, 27, 38, 0]
Cost 33040.4673728

Route 10
[0, 57, 81, 52, 86, 88, 53, 68, 85, 21, 40, 45, 29, 16, 46, 41, 0]
Cost 40750.3802366

Route 11
[0, 60, 107, 76, 91, 100, 142, 119, 87, 0]
Cost 24900.2885926