Total cost 347517.596867
Time for construction 0.006981372833251953
Time for local search 0.1077117919921875

Route 0
(0, 24, 20, 27, 17, 1, 0)
Cost 60353.4659324

Route 1
(0, 28, 16, 9, 2, 0)
Cost 29656.4231329

Route 2
(0, 36, 13, 8, 0)
Cost 39709.0438307

Route 3
(0, 10, 38, 25, 0)
Cost 24848.1971683

Route 4
(0, 12, 37, 21, 0)
Cost 21291.6464613

Route 5
(0, 11, 30, 14, 0)
Cost 27707.2400249

Route 6
(0, 18, 34, 5, 4, 0)
Cost 35071.1751092

Route 7
(0, 35, 19, 29, 7, 0)
Cost 39347.5539951

Route 8
(0, 22, 32, 26, 6, 3, 0)
Cost 32446.7999829

Route 9
(0, 31, 23, 0)
Cost 25026.3908801

Route 10
(0, 15, 0)
Cost 4235.62510145

Route 11
(0, 33, 0)
Cost 14808.1674761