Total cost 278592.10503
Time for construction 0.020944595336914062
Time for local search 0.9554452896118164

Route 0
[0, 55, 34, 57, 41, 42, 48, 24, 21, 20, 1, 0]
Cost 34648.9568394

Route 1
[0, 47, 56, 40, 36, 52, 25, 12, 4, 30, 29, 2, 0]
Cost 52043.3413056

Route 2
[0, 46, 37, 38, 45, 53, 51, 18, 3, 7, 27, 8, 0]
Cost 57319.5337038

Route 3
[0, 59, 60, 32, 49, 50, 5, 13, 14, 6, 0]
Cost 45455.8306876

Route 4
[0, 31, 33, 35, 39, 19, 15, 10, 23, 28, 22, 0]
Cost 44108.2411828

Route 5
[0, 43, 54, 44, 58, 26, 16, 11, 9, 0]
Cost 29405.5427729

Route 6
(0, 17, 0)
Cost 15610.6585383