Total cost 397861.979779
Time for construction 0.04587721824645996
Time for local search 5.116322040557861

Route 0
[0, 46, 48, 73, 59, 63, 57, 9, 7, 30, 36, 1, 0]
Cost 46922.2157197

Route 1
[0, 81, 71, 70, 90, 86, 76, 29, 2, 20, 15, 10, 0]
Cost 57365.0281746

Route 2
[0, 78, 79, 50, 82, 80, 3, 33, 35, 34, 45, 0]
Cost 48083.3335307

Route 3
[0, 67, 87, 89, 49, 56, 72, 41, 4, 14, 11, 0]
Cost 37448.0578821

Route 4
[0, 47, 66, 69, 58, 74, 75, 26, 8, 5, 21, 32, 24, 27, 0]
Cost 40463.546132

Route 5
[0, 55, 85, 51, 62, 19, 6, 39, 16, 40, 17, 0]
Cost 43552.0469695

Route 6
[0, 64, 60, 68, 65, 61, 52, 37, 43, 22, 31, 0]
Cost 46555.7307314

Route 7
[0, 84, 53, 77, 83, 13, 44, 12, 25, 0]
Cost 37656.2611317

Route 8
(0, 18, 0)
Cost 5337.22811954

Route 9
(0, 23, 0)
Cost 8790.23640183

Route 10
[0, 54, 88, 38, 42, 28, 0]
Cost 25688.294986