Total cost 352553.209192
Time for construction 0.054853200912475586
Time for local search 3.547516345977783

Route 0
(0, 71, 72, 56, 62, 70, 90, 76, 86, 73, 59, 57, 63, 7, 9, 33, 3, 1, 30, 36, 20, 19, 6, 0)
Cost 86905.6526171

Route 1
(0, 75, 74, 69, 58, 61, 52, 83, 77, 53, 87, 89, 49, 41, 39, 10, 15, 29, 2, 34, 45, 14, 11, 0)
Cost 95455.1487297

Route 2
(0, 78, 79, 50, 60, 68, 66, 65, 47, 26, 8, 37, 43, 22, 13, 44, 12, 25, 0)
Cost 65564.2884659

Route 3
(0, 82, 80, 48, 46, 81, 55, 84, 67, 51, 85, 4, 16, 40, 31, 17, 24, 32, 21, 5, 42, 35, 0)
Cost 85042.8996021

Route 4
(0, 54, 88, 64, 38, 28, 23, 18, 27, 0)
Cost 19585.2197771