Total cost 571070.423773
Time for construction 0.17453312873840332
Time for local search 4.767255544662476

Route 0
(0, 79, 86, 102, 119, 117, 83, 107, 113, 10, 60, 1, 17, 22, 35, 59, 32, 0)
Cost 65786.6429327

Route 1
(0, 124, 99, 137, 88, 104, 150, 133, 123, 91, 82, 2, 68, 65, 62, 48, 69, 12, 43, 54, 0)
Cost 62983.9614751

Route 2
(0, 94, 77, 95, 96, 98, 90, 136, 80, 143, 3, 20, 30, 75, 40, 46, 14, 73, 28, 55, 44, 0)
Cost 67609.3119411

Route 3
(0, 120, 106, 135, 134, 100, 146, 115, 4, 19, 66, 13, 63, 7, 31, 26, 0)
Cost 71263.0667901

Route 4
(0, 108, 145, 112, 109, 149, 118, 140, 105, 33, 70, 51, 24, 42, 8, 29, 0)
Cost 53291.4243529

Route 5
(0, 129, 144, 87, 93, 89, 103, 116, 126, 92, 49, 57, 18, 52, 38, 21, 47, 50, 0)
Cost 80614.1672399

Route 6
(0, 111, 125, 128, 147, 132, 78, 110, 127, 39, 9, 56, 11, 64, 61, 45, 0)
Cost 55431.3948106

Route 7
(0, 148, 130, 121, 114, 97, 81, 85, 101, 16, 6, 34, 15, 53, 74, 36, 41, 0)
Cost 62633.9454618

Route 8
(0, 138, 139, 131, 76, 141, 142, 84, 122, 23, 58, 5, 37, 27, 67, 25, 72, 0)
Cost 47556.3605662

Route 9
(0, 71, 0)
Cost 3900.14820231