Total cost 243099.25774456258
Time for construction 0.008465051651000977
Time for local search 0.03106093406677246

Route 0
(0, 20, 22, 1, 0)
Cost 30501.027391293013

Route 1
(0, 14, 10, 12, 3, 0)
Cost 33217.293656262256

Route 2
(0, 6, 19, 23, 0)
Cost 35882.22247854579

Route 3
(0, 7, 16, 21, 4, 0)
Cost 43325.168023019745

Route 4
(0, 8, 25, 11, 0)
Cost 29332.909398920423

Route 5
(0, 24, 9, 17, 5, 0)
Cost 24516.31078611337

Route 6
(0, 15, 13, 2, 0)
Cost 30890.033671593068

Route 7
(0, 18, 0)
Cost 15434.29233881489