Total cost 265771.3530868204
Time for construction 0.008858680725097656
Time for local search 0.040570974349975586

Route 0
(0, 20, 25, 29, 26, 6, 7, 0)
Cost 54006.18689528085

Route 1
(0, 22, 23, 18, 2, 9, 0)
Cost 45637.04995032241

Route 2
(0, 15, 24, 28, 21, 4, 3, 0)
Cost 49410.818447941165

Route 3
(0, 14, 19, 5, 0)
Cost 29163.400936471822

Route 4
(0, 11, 30, 10, 1, 0)
Cost 40876.46486786673

Route 5
(0, 12, 17, 27, 16, 8, 0)
Cost 33058.92076340322

Route 6
(0, 13, 0)
Cost 13618.511225534163