Total cost 289942.9608449112
Time for construction 0.014882087707519531
Time for local search 0.05789303779602051

Route 0
(0, 31, 37, 33, 1, 16, 5, 0)
Cost 59003.61747279424

Route 1
(0, 28, 40, 23, 35, 2, 13, 18, 12, 0)
Cost 63993.434311334015

Route 2
(0, 34, 32, 24, 36, 19, 3, 8, 4, 0)
Cost 52344.931101056325

Route 3
(0, 38, 39, 27, 6, 9, 20, 0)
Cost 29670.819226460364

Route 4
(0, 22, 30, 25, 10, 7, 15, 0)
Cost 41571.71512481458

Route 5
(0, 21, 29, 17, 14, 11, 0)
Cost 39423.44391023138

Route 6
(0, 26, 0)
Cost 4435.732183078685