Total cost 350461.4273541338
Time for construction 0.013985157012939453
Time for local search 0.10640692710876465

Route 0
(0, 24, 20, 27, 17, 1, 0)
Cost 60353.46593241338

Route 1
(0, 11, 9, 16, 2, 0)
Cost 29389.137402530854

Route 2
(0, 23, 13, 5, 8, 0)
Cost 44571.061143761384

Route 3
(0, 10, 38, 25, 0)
Cost 24848.197168276576

Route 4
(0, 12, 37, 14, 0)
Cost 23550.23626860218

Route 5
(0, 28, 33, 0)
Cost 19264.7584013473

Route 6
(0, 34, 18, 7, 0)
Cost 26625.12135356441

Route 7
(0, 35, 19, 29, 0)
Cost 37736.222264318116

Route 8
(0, 22, 32, 26, 6, 3, 0)
Cost 32446.799982927678

Route 9
(0, 21, 30, 0)
Cost 22359.83444669411

Route 10
(0, 36, 31, 4, 0)
Cost 27042.56545429973

Route 11
(0, 15, 0)
Cost 4235.625101446067