Total cost 256217.3811434755
Time for construction 0.013457298278808594
Time for local search 0.09934496879577637

Route 0
(0, 12, 20, 32, 26, 27, 17, 1, 6, 3, 0)
Cost 59620.54205161893

Route 1
(0, 37, 30, 11, 9, 16, 2, 0)
Cost 35837.803495654545

Route 2
(0, 28, 10, 38, 35, 19, 0)
Cost 30856.628027029714

Route 3
(0, 31, 23, 13, 24, 8, 5, 4, 0)
Cost 48060.4536877337

Route 4
(0, 33, 25, 14, 21, 15, 0)
Cost 30761.637232352703

Route 5
(0, 22, 36, 0)
Cost 21775.4122544067

Route 6
(0, 18, 34, 29, 7, 0)
Cost 29304.904394679186