Total cost 287215.9499117754
Time for construction 0.020827293395996094
Time for local search 0.16972994804382324

Route 0
(0, 45, 25, 35, 30, 39, 24, 4, 12, 6, 0)
Cost 62134.9851539811

Route 1
(0, 42, 26, 20, 29, 2, 8, 10, 11, 0)
Cost 54751.48388326084

Route 2
(0, 21, 22, 17, 18, 38, 5, 15, 1, 14, 0)
Cost 57854.76262170699

Route 3
(0, 27, 16, 36, 19, 7, 3, 9, 0)
Cost 50164.74630099299

Route 4
(0, 43, 34, 33, 23, 37, 0)
Cost 20606.66218689979

Route 5
(0, 28, 31, 41, 32, 40, 13, 0)
Cost 40307.3699381503

Route 6
(0, 44, 0)
Cost 1395.9398267833753