Total cost 306908.84137638035
Time for construction 0.042960166931152344
Time for local search 0.4083750247955322

Route 0
(0, 38, 45, 53, 51, 48, 42, 21, 24, 18, 3, 0)
Cost 49633.056534500334

Route 1
(0, 40, 52, 36, 34, 41, 57, 29, 2, 25, 12, 4, 30, 0)
Cost 66481.76612672344

Route 2
(0, 59, 60, 32, 49, 50, 5, 13, 14, 8, 27, 7, 0)
Cost 54224.186458709126

Route 3
(0, 33, 58, 44, 54, 43, 6, 16, 26, 19, 15, 0)
Cost 55828.79545541586

Route 4
(0, 47, 56, 39, 35, 10, 23, 28, 17, 22, 0)
Cost 44817.86559990851

Route 5
(0, 37, 46, 31, 11, 9, 20, 1, 0)
Cost 35089.952469611475

Route 6
(0, 55, 0)
Cost 7486.078813370856