Total cost 311012.29932610074
Time for construction 0.04124093055725098
Time for local search 0.4563419818878174

Route 0
(0, 54, 32, 50, 49, 38, 45, 53, 51, 48, 42, 21, 24, 18, 1, 30, 4, 12, 25, 0)
Cost 107963.1432927864

Route 1
(0, 33, 35, 39, 40, 52, 36, 34, 41, 57, 29, 2, 20, 3, 7, 27, 8, 5, 0)
Cost 93501.18321484365

Route 2
(0, 58, 44, 43, 59, 60, 13, 14, 6, 26, 19, 15, 10, 23, 0)
Cost 63538.474636805

Route 3
(0, 46, 37, 47, 56, 31, 22, 17, 28, 9, 11, 16, 0)
Cost 45747.673421257125

Route 4
(0, 55, 0)
Cost 7486.078813370856