Total cost 309536.3951854035
Time for construction 0.04926896095275879
Time for local search 0.41318202018737793

Route 0
(0, 59, 60, 32, 50, 49, 38, 45, 53, 51, 48, 42, 21, 24, 18, 1, 30, 4, 12, 25, 15, 19, 27, 0)
Cost 133990.94436692423

Route 1
(0, 44, 35, 39, 40, 52, 36, 56, 34, 41, 57, 29, 2, 20, 3, 7, 8, 14, 13, 5, 26, 0)
Cost 111993.42633373478

Route 2
(0, 47, 37, 46, 31, 33, 58, 54, 43, 6, 16, 11, 22, 17, 28, 23, 10, 9, 0)
Cost 63290.19972433595

Route 3
(0, 55, 0)
Cost 7486.078813370856