Total cost 343489.9328971435
Time for construction 0.03128814697265625
Time for local search 0.422609806060791

Route 0
(0, 33, 38, 48, 22, 1, 12, 3, 0)
Cost 33825.40103415264

Route 1
(0, 24, 21, 45, 30, 36, 28, 5, 10, 6, 4, 0)
Cost 59196.0242901639

Route 2
(0, 18, 15, 47, 50, 49, 11, 0)
Cost 46891.750446320104

Route 3
(0, 54, 34, 13, 44, 20, 8, 0)
Cost 30838.759246404054

Route 4
(0, 32, 14, 42, 39, 23, 2, 0)
Cost 34228.21785005192

Route 5
(0, 16, 55, 31, 52, 0)
Cost 38695.328217654605

Route 6
(0, 19, 56, 41, 25, 53, 0)
Cost 20768.582610792237

Route 7
(0, 40, 26, 51, 0)
Cost 22127.857651615013

Route 8
(0, 43, 57, 29, 37, 46, 0)
Cost 19524.25487022592

Route 9
(0, 17, 27, 35, 7, 9, 0)
Cost 37393.75667976305