Total cost 280668.20775139745
Time for construction 0.033228158950805664
Time for local search 0.7908411026000977

Route 0
(0, 30, 36, 28, 17, 38, 48, 22, 12, 1, 5, 10, 6, 4, 0)
Cost 81948.28804188393

Route 1
(0, 51, 26, 40, 27, 35, 33, 7, 9, 0)
Cost 32330.473107868973

Route 2
(0, 20, 13, 47, 49, 50, 44, 15, 11, 2, 3, 0)
Cost 61781.20536282159

Route 3
(0, 57, 32, 14, 29, 37, 42, 39, 23, 46, 0)
Cost 33625.327783449975

Route 4
(0, 54, 56, 41, 25, 18, 52, 34, 53, 8, 0)
Cost 29967.405578132966

Route 5
(0, 43, 19, 16, 31, 55, 21, 45, 24, 0)
Cost 41015.50787724004