Total cost 263443.93557989865
Time for construction 0.04473114013671875
Time for local search 0.865401029586792

Route 0
(0, 24, 21, 45, 30, 36, 28, 17, 33, 38, 22, 12, 1, 5, 10, 6, 4, 7, 9, 0)
Cost 94629.47715443118

Route 1
(0, 16, 31, 55, 51, 26, 40, 27, 35, 48, 3, 0)
Cost 56896.16124369837

Route 2
(0, 57, 32, 20, 13, 47, 49, 50, 44, 15, 11, 8, 0)
Cost 48271.17825426494

Route 3
(0, 46, 37, 29, 14, 42, 39, 23, 2, 0)
Cost 34481.83225515303

Route 4
(0, 54, 56, 41, 25, 18, 52, 34, 53, 43, 0)
Cost 28976.348419298018

Route 5
(0, 19, 0)
Cost 4395.816192699599