Total cost 270546.77419924486
Time for construction 0.03793621063232422
Time for local search 0.9253697395324707

Route 0
(0, 40, 26, 51, 24, 30, 36, 28, 17, 38, 22, 12, 1, 5, 10, 6, 4, 0)
Cost 88376.36230157089

Route 1
(0, 32, 20, 13, 47, 49, 50, 44, 15, 18, 52, 34, 11, 2, 3, 0)
Cost 79817.73440305743

Route 2
(0, 46, 37, 29, 14, 42, 39, 23, 48, 33, 27, 35, 7, 9, 0)
Cost 50248.84958640579

Route 3
(0, 43, 16, 21, 45, 55, 31, 41, 25, 56, 54, 53, 57, 8, 0)
Cost 51769.60384138486

Route 4
(0, 19, 0)
Cost 4395.816192699599