Total cost 307477.0158844036
Time for construction 0.05398678779602051
Time for local search 0.5850231647491455

Route 0
(0, 38, 46, 36, 26, 58, 56, 50, 34, 67, 16, 3, 22, 1, 12, 19, 8, 0)
Cost 71254.86905617798

Route 1
(0, 54, 45, 30, 41, 32, 29, 43, 68, 2, 20, 6, 4, 7, 9, 14, 13, 18, 0)
Cost 84015.38842749681

Route 2
(0, 37, 59, 47, 65, 53, 60, 63, 42, 66, 17, 11, 23, 21, 5, 10, 0)
Cost 68454.90880721911

Route 3
(0, 33, 40, 44, 62, 25, 39, 24, 27, 57, 0)
Cost 35702.93746632756

Route 4
(0, 51, 28, 49, 31, 55, 52, 48, 15, 0)
Cost 32683.10753218938

Route 5
(0, 61, 35, 64, 0)
Cost 15365.804594992873