Total cost 282526.94519981614
Time for construction 0.06441688537597656
Time for local search 1.0189518928527832

Route 0
(0, 37, 59, 47, 52, 36, 46, 38, 26, 58, 56, 50, 34, 67, 16, 3, 22, 1, 12, 19, 8, 9, 7, 4, 6, 0)
Cost 102645.70852260181

Route 1
(0, 28, 60, 63, 42, 66, 45, 30, 54, 41, 32, 29, 43, 68, 2, 20, 17, 11, 23, 21, 5, 10, 13, 14, 18, 15, 0)
Cost 109838.54541266186

Route 2
(0, 55, 48, 40, 44, 62, 25, 39, 24, 27, 57, 35, 64, 0)
Cost 41974.22410826316

Route 3
(0, 61, 51, 49, 53, 65, 31, 33, 0)
Cost 28068.46715628938