Total cost 293484.1328630545
Time for construction 0.061846017837524414
Time for local search 1.3440210819244385

Route 0
(0, 53, 65, 37, 59, 47, 52, 36, 46, 38, 26, 58, 56, 50, 34, 67, 16, 3, 22, 1, 12, 19, 8, 9, 7, 4, 6, 2, 20, 0)
Cost 126491.39718306785

Route 1
(0, 28, 49, 68, 60, 63, 42, 66, 54, 30, 29, 43, 32, 41, 23, 21, 5, 10, 13, 14, 18, 15, 0)
Cost 96938.91049706869

Route 2
(0, 33, 31, 55, 48, 40, 44, 62, 25, 39, 24, 27, 57, 64, 35, 45, 11, 17, 0)
Cost 64749.84107830975

Route 3
(0, 61, 0)
Cost 4743.027303315889

Route 4
(0, 51, 0)
Cost 4804.979500476563