Total cost 444438.3298772734
Time for construction 0.10412001609802246
Time for local search 1.406836986541748

Route 0
(0, 90, 76, 86, 63, 57, 59, 73, 1, 30, 7, 9, 33, 0)
Cost 68550.38427705655

Route 1
(0, 71, 72, 56, 70, 62, 6, 2, 29, 15, 10, 41, 0)
Cost 63695.83207536092

Route 2
(0, 46, 48, 80, 82, 3, 36, 20, 34, 0)
Cost 35623.89264327838

Route 3
(0, 77, 83, 53, 87, 89, 49, 39, 4, 19, 45, 11, 0)
Cost 58855.96767817606

Route 4
(0, 66, 69, 58, 52, 61, 74, 75, 26, 8, 5, 37, 43, 13, 0)
Cost 76534.03469002445

Route 5
(0, 81, 85, 51, 67, 84, 12, 44, 22, 40, 0)
Cost 34107.945626832654

Route 6
(0, 65, 68, 60, 50, 78, 14, 25, 16, 31, 17, 27, 0)
Cost 50975.42710472116

Route 7
(0, 47, 64, 88, 38, 42, 35, 18, 0)
Cost 37945.33292183838

Route 8
(0, 79, 54, 23, 28, 21, 32, 24, 0)
Cost 17560.907352677692

Route 9
(0, 55, 0)
Cost 7396.9250367973855