Total cost 377138.30679161364
Time for construction 0.09546589851379395
Time for local search 2.845837116241455

Route 0
(0, 81, 71, 70, 90, 86, 63, 57, 59, 73, 1, 30, 7, 9, 33, 3, 35, 0)
Cost 71303.4491818837

Route 1
(0, 55, 89, 87, 49, 72, 56, 62, 76, 2, 29, 15, 10, 39, 14, 0)
Cost 58827.9779855745

Route 2
(0, 74, 69, 58, 61, 52, 67, 51, 85, 4, 6, 19, 20, 36, 34, 45, 0)
Cost 65983.78798086512

Route 3
(0, 88, 64, 60, 68, 66, 65, 47, 75, 26, 8, 37, 43, 31, 17, 27, 0)
Cost 50651.13544170492

Route 4
(0, 79, 50, 82, 80, 48, 46, 41, 25, 12, 44, 40, 16, 11, 0)
Cost 56806.71306141365

Route 5
(0, 78, 54, 23, 28, 38, 42, 5, 21, 0)
Cost 32365.57314089019

Route 6
(0, 84, 53, 77, 83, 13, 22, 32, 24, 18, 0)
Cost 41199.669999281476