Total cost 346309.0437567711
Time for construction 0.11003494262695312
Time for local search 4.037389039993286

Route 0
(0, 71, 72, 56, 62, 70, 90, 76, 86, 73, 59, 57, 63, 7, 9, 33, 35, 3, 1, 30, 20, 36, 34, 0)
Cost 88272.70992869255

Route 1
(0, 75, 74, 69, 58, 61, 52, 83, 77, 53, 87, 89, 49, 41, 39, 10, 15, 29, 2, 19, 6, 45, 11, 0)
Cost 96629.40380096596

Route 2
(0, 78, 79, 50, 60, 68, 66, 65, 47, 26, 8, 37, 43, 22, 13, 44, 12, 25, 0)
Cost 65564.28846588053

Route 3
(0, 82, 80, 48, 46, 84, 67, 51, 85, 4, 14, 17, 16, 40, 31, 24, 32, 5, 21, 27, 0)
Cost 67659.6213578729

Route 4
(0, 54, 88, 64, 42, 38, 28, 23, 18, 0)
Cost 28053.161959908564

Route 5
(0, 55, 0)
Cost 7396.9250367973855

Route 6
(0, 81, 0)
Cost 7970.24993334588