Total cost 417825.3236366959
Time for construction 0.12469315528869629
Time for local search 2.1194369792938232

Route 0
(0, 70, 90, 87, 71, 83, 92, 30, 46, 6, 3, 5, 19, 2, 14, 0)
Cost 72080.9693587583

Route 1
(0, 32, 60, 34, 42, 72, 61, 38, 64, 7, 10, 11, 9, 15, 17, 0)
Cost 66633.88780458164

Route 2
(0, 26, 55, 22, 37, 54, 86, 40, 84, 12, 1, 0)
Cost 43989.826640791805

Route 3
(0, 20, 76, 69, 39, 48, 27, 68, 33, 82, 18, 8, 0)
Cost 44639.44454959473

Route 4
(0, 21, 57, 59, 81, 63, 77, 78, 16, 0)
Cost 36126.36870270643

Route 5
(0, 41, 47, 65, 28, 23, 49, 80, 0)
Cost 30874.67118133947

Route 6
(0, 24, 50, 75, 91, 35, 44, 62, 89, 66, 67, 4, 13, 0)
Cost 48022.07685314234

Route 7
(0, 29, 43, 25, 45, 51, 85, 58, 88, 0)
Cost 33796.73378144494

Route 8
(0, 94, 36, 79, 53, 93, 73, 0)
Cost 28342.655780094152

Route 9
(0, 56, 74, 52, 31, 0)
Cost 13318.688984242264