Total cost 402143.22432563873
Time for construction 0.10247683525085449
Time for local search 1.7930421829223633

Route 0
(0, 70, 63, 84, 90, 87, 71, 83, 92, 30, 46, 6, 3, 5, 12, 19, 2, 14, 13, 18, 8, 0)
Cost 97313.20188329279

Route 1
(0, 32, 39, 69, 60, 34, 42, 72, 61, 38, 64, 7, 10, 11, 9, 15, 1, 0)
Cost 68058.18732208437

Route 2
(0, 20, 76, 45, 48, 27, 68, 33, 82, 62, 44, 36, 35, 67, 4, 0)
Cost 53547.67177608601

Route 3
(0, 21, 55, 57, 22, 54, 86, 37, 59, 81, 77, 16, 0)
Cost 42890.91516520516

Route 4
(0, 25, 41, 47, 65, 28, 78, 40, 49, 23, 0)
Cost 45743.99923275145

Route 5
(0, 24, 80, 50, 75, 91, 66, 89, 85, 51, 58, 29, 0)
Cost 48784.566068279106

Route 6
(0, 26, 94, 79, 53, 93, 73, 88, 43, 17, 0)
Cost 32485.99389369762

Route 7
(0, 31, 52, 74, 56, 0)
Cost 13318.688984242266