Total cost 360506.2575278125
Time for construction 0.11662793159484863
Time for local search 1.8502719402313232

Route 0
(0, 55, 22, 37, 54, 86, 40, 84, 90, 87, 71, 83, 92, 30, 46, 6, 3, 5, 12, 19, 2, 14, 4, 13, 18, 8, 10, 11, 7, 9, 0)
Cost 139380.06146863624

Route 1
(0, 32, 48, 27, 68, 33, 82, 62, 44, 36, 91, 75, 57, 59, 81, 63, 70, 77, 16, 0)
Cost 72072.2888076154

Route 2
(0, 20, 42, 34, 64, 38, 61, 72, 60, 69, 39, 45, 76, 43, 25, 41, 15, 17, 0)
Cost 50104.470330594864

Route 3
(0, 29, 58, 51, 85, 89, 66, 67, 35, 94, 21, 49, 80, 23, 78, 28, 1, 0)
Cost 53978.23540808423

Route 4
(0, 31, 47, 65, 52, 24, 50, 26, 74, 79, 53, 93, 73, 88, 0)
Cost 44204.58557253097

Route 5
(0, 56, 0)
Cost 766.6159403508383