Total cost 392925.8508790177
Time for construction 0.13734984397888184
Time for local search 1.6374950408935547

Route 0
(0, 37, 86, 40, 84, 90, 87, 71, 83, 92, 30, 46, 6, 3, 5, 12, 19, 2, 14, 4, 18, 8, 10, 11, 7, 0)
Cost 135064.0889731115

Route 1
(0, 35, 36, 44, 67, 62, 66, 82, 33, 68, 27, 32, 48, 39, 69, 60, 9, 15, 17, 0)
Cost 61618.58766048388

Route 2
(0, 20, 42, 34, 72, 64, 38, 61, 25, 43, 76, 45, 51, 0)
Cost 44567.67880244284

Route 3
(0, 49, 21, 55, 57, 54, 22, 59, 81, 63, 70, 77, 78, 16, 0)
Cost 44073.47900501167

Route 4
(0, 29, 41, 47, 65, 28, 23, 80, 50, 75, 91, 79, 13, 0)
Cost 56298.46011681175

Route 5
(0, 24, 26, 94, 89, 85, 58, 88, 73, 93, 53, 74, 0)
Cost 41088.843484195924

Route 6
(0, 56, 31, 52, 1, 0)
Cost 10214.712836960309