Total cost 489335.26645457465
Time for construction 0.17009806632995605
Time for local search 3.1651668548583984

Route 0
(0, 65, 55, 59, 84, 99, 43, 60, 70, 46, 1, 12, 10, 11, 31, 7, 6, 0)
Cost 71364.1392967242

Route 1
(0, 53, 48, 110, 68, 106, 79, 95, 39, 35, 2, 19, 28, 38, 16, 0)
Cost 68389.03904446024

Route 2
(0, 64, 94, 81, 76, 69, 63, 104, 3, 37, 5, 29, 32, 17, 9, 24, 27, 36, 0)
Cost 73791.00716183947

Route 3
(0, 50, 113, 47, 78, 71, 80, 58, 100, 102, 18, 8, 21, 20, 25, 13, 26, 22, 4, 0)
Cost 64921.93948891729

Route 4
(0, 108, 98, 112, 72, 67, 57, 52, 103, 0)
Cost 47506.63338490667

Route 5
(0, 91, 83, 109, 51, 111, 40, 101, 107, 15, 33, 0)
Cost 40980.10134021887

Route 6
(0, 41, 86, 54, 88, 62, 74, 45, 30, 0)
Cost 41811.4498028581

Route 7
(0, 105, 82, 93, 49, 44, 85, 75, 0)
Cost 30106.117112475244

Route 8
(0, 87, 61, 90, 89, 56, 97, 66, 92, 34, 23, 14, 0)
Cost 30362.61028282731

Route 9
(0, 42, 73, 77, 96, 0)
Cost 20102.229539347136