Total cost 466376.0788419895
Time for construction 0.16963720321655273
Time for local search 2.7417118549346924

Route 0
(0, 104, 63, 55, 59, 84, 99, 43, 60, 70, 46, 1, 12, 3, 6, 37, 10, 11, 31, 7, 30, 0)
Cost 76679.48124732547

Route 1
(0, 76, 81, 48, 94, 110, 68, 106, 79, 95, 39, 35, 2, 19, 28, 38, 16, 34, 21, 20, 0)
Cost 83890.26428946907

Route 2
(0, 98, 72, 52, 47, 78, 71, 80, 58, 100, 102, 57, 27, 24, 22, 18, 8, 25, 13, 26, 4, 9, 17, 15, 33, 0)
Cost 101848.85261890813

Route 3
(0, 64, 86, 61, 53, 92, 90, 89, 56, 97, 66, 23, 14, 32, 29, 5, 0)
Cost 67146.57334191675

Route 4
(0, 107, 101, 40, 111, 112, 67, 51, 109, 83, 50, 0)
Cost 44164.19120357409

Route 5
(0, 41, 87, 54, 88, 69, 45, 93, 62, 65, 74, 0)
Cost 36251.104678524585

Route 6
(0, 42, 73, 105, 82, 49, 44, 85, 75, 96, 36, 0)
Cost 33587.983071253024

Route 7
(0, 77, 108, 91, 113, 103, 0)
Cost 22807.628391018254