Total cost 388240.9258859905
Time for construction 0.16636204719543457
Time for local search 7.2038490772247314

Route 0
(0, 45, 69, 55, 63, 104, 59, 84, 99, 43, 60, 70, 46, 1, 12, 37, 10, 11, 31, 7, 6, 3, 5, 29, 0)
Cost 77594.44347897638

Route 1
(0, 76, 81, 48, 94, 110, 68, 106, 79, 95, 39, 64, 30, 2, 35, 19, 28, 38, 16, 34, 23, 0)
Cost 79512.69335298444

Route 2
(0, 50, 103, 113, 47, 78, 71, 80, 58, 100, 52, 102, 57, 27, 24, 22, 18, 8, 21, 20, 25, 13, 26, 4, 9, 17, 15, 33, 0)
Cost 95543.44068161065

Route 3
(0, 108, 91, 83, 109, 51, 67, 72, 112, 111, 40, 101, 98, 36, 0)
Cost 47616.59275915002

Route 4
(0, 41, 86, 54, 88, 105, 82, 93, 62, 65, 49, 74, 32, 0)
Cost 32931.06370804517

Route 5
(0, 42, 73, 87, 61, 53, 90, 89, 56, 97, 66, 92, 14, 0)
Cost 31691.76755884338

Route 6
(0, 77, 75, 44, 85, 107, 96, 0)
Cost 23350.924346380343