Total cost 590454.7085941903
Time for construction 0.33292603492736816
Time for local search 5.014209985733032

Route 0
(0, 79, 86, 102, 119, 117, 83, 107, 113, 10, 60, 1, 17, 22, 35, 59, 19, 49, 0)
Cost 73824.4576960648

Route 1
(0, 124, 99, 137, 88, 104, 150, 133, 123, 91, 82, 2, 68, 65, 62, 48, 69, 12, 43, 54, 0)
Cost 62983.961475133954

Route 2
(0, 94, 77, 95, 96, 98, 90, 136, 143, 80, 20, 30, 75, 40, 46, 14, 73, 28, 55, 3, 0)
Cost 65595.50726221173

Route 3
(0, 111, 147, 106, 135, 134, 100, 146, 81, 4, 32, 31, 66, 7, 13, 63, 18, 0)
Cost 76964.96156834885

Route 4
(0, 108, 145, 112, 109, 149, 118, 140, 105, 33, 70, 51, 24, 42, 8, 5, 0)
Cost 53288.025085581336

Route 5
(0, 144, 89, 87, 93, 116, 120, 126, 92, 57, 6, 52, 38, 21, 47, 50, 44, 0)
Cost 81822.50048165674

Route 6
(0, 125, 128, 131, 132, 78, 110, 127, 39, 9, 56, 11, 64, 61, 45, 0)
Cost 55430.37753020764

Route 7
(0, 148, 130, 121, 114, 97, 115, 85, 101, 16, 26, 34, 15, 53, 74, 36, 41, 0)
Cost 66267.80791279968

Route 8
(0, 129, 138, 139, 76, 103, 141, 142, 84, 23, 58, 29, 37, 27, 67, 25, 72, 0)
Cost 50376.19984471795

Route 9
(0, 122, 71, 0)
Cost 8874.273464738217