Total cost 576245.8409169023
Time for construction 0.3502190113067627
Time for local search 4.137589931488037

Route 0
(0, 135, 100, 86, 102, 79, 119, 117, 83, 107, 113, 10, 60, 1, 17, 22, 35, 59, 19, 13, 63, 49, 0)
Cost 99002.2109246554

Route 1
(0, 105, 124, 99, 137, 88, 104, 150, 133, 123, 91, 82, 2, 68, 65, 62, 48, 69, 12, 43, 51, 70, 0)
Cost 63550.59816625719

Route 2
(0, 118, 94, 140, 77, 95, 96, 98, 90, 136, 80, 143, 3, 20, 30, 75, 40, 46, 14, 73, 47, 21, 18, 0)
Cost 77448.9913545587

Route 3
(0, 89, 87, 93, 116, 106, 134, 92, 146, 81, 4, 32, 57, 31, 66, 7, 52, 38, 50, 55, 44, 0)
Cost 100105.59137742163

Route 4
(0, 147, 128, 120, 126, 125, 115, 97, 114, 121, 130, 8, 42, 33, 54, 24, 56, 9, 61, 5, 0)
Cost 81581.13261827397

Route 5
(0, 127, 112, 145, 144, 78, 76, 132, 131, 101, 6, 16, 26, 28, 39, 45, 64, 11, 37, 41, 0)
Cost 81679.48133254201

Route 6
(0, 148, 85, 111, 139, 103, 110, 141, 142, 108, 109, 149, 84, 122, 23, 58, 29, 27, 36, 74, 53, 15, 34, 25, 0)
Cost 60726.32376487604

Route 7
(0, 138, 71, 72, 67, 0)
Cost 12151.064368473342

Route 8
(0, 129, 0)
Cost 2928.6665907883744