Total cost 568167.2809630102
Time for construction 0.3386359214782715
Time for local search 5.276254892349243

Route 0
(0, 111, 120, 134, 100, 86, 102, 79, 119, 117, 83, 107, 113, 10, 60, 1, 17, 22, 35, 59, 19, 66, 13, 63, 7, 49, 0)
Cost 95333.77234321405

Route 1
(0, 122, 95, 96, 105, 104, 137, 88, 150, 133, 123, 91, 82, 2, 68, 65, 62, 48, 69, 12, 43, 51, 70, 54, 24, 0)
Cost 70987.44539196255

Route 2
(0, 147, 116, 103, 89, 93, 87, 80, 118, 94, 140, 77, 98, 90, 136, 143, 3, 20, 30, 75, 40, 46, 14, 73, 47, 21, 38, 52, 44, 0)
Cost 106708.15659127351

Route 3
(0, 76, 132, 131, 106, 135, 128, 126, 92, 146, 81, 4, 32, 31, 57, 16, 26, 18, 28, 50, 55, 39, 9, 61, 0)
Cost 108644.8376220222

Route 4
(0, 141, 110, 78, 139, 125, 101, 115, 97, 114, 121, 130, 8, 42, 33, 56, 11, 64, 45, 5, 37, 41, 74, 0)
Cost 91047.23585421868

Route 5
(0, 138, 142, 127, 144, 145, 112, 108, 109, 149, 84, 124, 99, 148, 6, 34, 25, 15, 53, 36, 27, 29, 58, 23, 67, 72, 0)
Cost 91243.75604527388

Route 6
(0, 85, 71, 0)
Cost 9959.361596149258

Route 7
(0, 129, 0)
Cost 2928.6665907883744