Total cost 494342.0358979184
Time for construction 0.19501280784606934
Time for local search 5.418258190155029

Route 0
(0, 58, 69, 98, 73, 41, 93, 38, 105, 29, 23, 14, 2, 25, 18, 15, 8, 0)
Cost 77976.94298370952

Route 1
(0, 72, 94, 67, 117, 36, 52, 65, 50, 42, 32, 56, 79, 10, 24, 3, 13, 9, 20, 22, 5, 0)
Cost 81362.90524897745

Route 2
(0, 114, 31, 33, 121, 43, 44, 68, 53, 12, 4, 7, 6, 17, 0)
Cost 54473.4356558827

Route 3
(0, 27, 124, 83, 26, 82, 112, 103, 46, 111, 37, 95, 120, 0)
Cost 40977.91026194864

Route 4
(0, 28, 60, 113, 80, 92, 109, 64, 108, 77, 54, 57, 19, 1, 16, 21, 0)
Cost 71266.13156943294

Route 5
(0, 75, 55, 87, 62, 45, 30, 86, 110, 0)
Cost 34232.1707783833

Route 6
(0, 49, 34, 123, 61, 47, 96, 71, 78, 70, 100, 116, 0)
Cost 42995.65669129054

Route 7
(0, 35, 97, 88, 106, 51, 125, 102, 118, 91, 90, 11, 0)
Cost 33846.75085744711

Route 8
(0, 76, 84, 81, 89, 39, 119, 66, 85, 0)
Cost 27445.43878501686

Route 9
(0, 48, 40, 59, 99, 122, 74, 107, 104, 115, 63, 101, 0)
Cost 29764.693065829488