Total cost 496676.37155770126
Time for construction 0.21844196319580078
Time for local search 3.5663552284240723

Route 0
(0, 54, 123, 58, 69, 98, 73, 41, 93, 38, 105, 29, 23, 1, 14, 2, 19, 25, 11, 16, 9, 20, 13, 0)
Cost 115660.53064032573

Route 1
(0, 72, 62, 45, 67, 117, 36, 52, 65, 50, 42, 79, 56, 32, 3, 24, 10, 22, 5, 17, 6, 12, 4, 7, 0)
Cost 81300.93643693006

Route 2
(0, 47, 34, 49, 118, 125, 51, 106, 75, 88, 55, 94, 87, 21, 0)
Cost 49150.32408427958

Route 3
(0, 124, 121, 33, 31, 83, 26, 112, 103, 46, 111, 37, 95, 0)
Cost 45285.70917412023

Route 4
(0, 92, 27, 114, 43, 44, 68, 53, 80, 113, 64, 108, 77, 18, 15, 8, 0)
Cost 69918.2683206717

Route 5
(0, 100, 61, 57, 96, 70, 78, 71, 59, 99, 107, 28, 109, 60, 0)
Cost 47232.84567135044

Route 6
(0, 102, 81, 89, 30, 86, 110, 119, 39, 120, 82, 85, 0)
Cost 36551.74129634905

Route 7
(0, 48, 40, 122, 74, 104, 115, 116, 91, 90, 63, 97, 35, 84, 0)
Cost 40650.8038737653

Route 8
(0, 66, 76, 101, 0)
Cost 10925.212059909054