Total cost 504173.1014439987
Time for construction 0.34842705726623535
Time for local search 14.324064016342163

Route 0
(0, 66, 67, 145, 122, 106, 137, 88, 86, 53, 85, 68, 29, 45, 1, 14, 30, 5, 35, 49, 36, 20, 50, 13, 47, 24, 0)
Cost 81509.08208609442

Route 1
(0, 142, 100, 91, 65, 73, 103, 95, 69, 134, 133, 92, 42, 31, 17, 28, 39, 33, 43, 48, 7, 27, 0)
Cost 61456.68219909875

Route 2
(0, 55, 121, 77, 118, 61, 131, 123, 114, 78, 72, 6, 38, 2, 11, 8, 15, 37, 9, 21, 40, 16, 46, 0)
Cost 96425.89213981893

Route 3
(0, 128, 75, 98, 130, 97, 120, 113, 144, 64, 150, 117, 149, 93, 136, 22, 10, 19, 25, 18, 26, 41, 0)
Cost 80003.2853652465

Route 4
(0, 80, 94, 101, 115, 148, 71, 112, 90, 138, 23, 0)
Cost 40807.78397894446

Route 5
(0, 51, 107, 76, 70, 79, 63, 146, 147, 99, 58, 82, 3, 0)
Cost 34615.60983858718

Route 6
(0, 105, 110, 127, 143, 126, 116, 129, 4, 12, 44, 0)
Cost 30994.37802146005

Route 7
(0, 135, 111, 54, 109, 108, 59, 102, 96, 83, 0)
Cost 26026.303887928738

Route 8
(0, 62, 56, 74, 60, 119, 104, 89, 139, 140, 34, 32, 0)
Cost 31210.90110876946

Route 9
(0, 57, 81, 52, 141, 125, 132, 124, 84, 0)
Cost 20931.09308191002

Route 10
(0, 87, 0)
Cost 455.3064901799666