Total cost 494342.3382276975
Time for construction 0.316957950592041
Time for local search 11.618514776229858

Route 0
(0, 149, 93, 75, 67, 145, 122, 106, 137, 86, 53, 68, 85, 88, 1, 14, 30, 23, 5, 35, 49, 47, 36, 20, 50, 13, 3, 12, 44, 0)
Cost 99449.33534428789

Route 1
(0, 63, 79, 70, 100, 91, 65, 73, 103, 95, 69, 134, 133, 92, 42, 31, 17, 28, 39, 33, 43, 48, 7, 4, 27, 38, 0)
Cost 70771.20546209082

Route 2
(0, 112, 148, 121, 96, 102, 123, 114, 131, 61, 118, 77, 8, 11, 15, 37, 9, 40, 21, 45, 29, 16, 46, 18, 26, 25, 19, 0)
Cost 99451.95336300781

Route 3
(0, 58, 146, 147, 99, 116, 126, 150, 64, 144, 117, 113, 120, 97, 22, 10, 0)
Cost 53796.01570494257

Route 4
(0, 60, 51, 107, 76, 142, 129, 82, 89, 139, 140, 136, 130, 98, 66, 128, 0)
Cost 42964.69931239657

Route 5
(0, 57, 52, 80, 138, 90, 71, 94, 101, 115, 108, 109, 59, 41, 0)
Cost 40972.91665467469

Route 6
(0, 54, 135, 111, 81, 141, 125, 127, 143, 34, 24, 32, 0)
Cost 32133.159911605922

Route 7
(0, 132, 110, 124, 84, 104, 119, 74, 56, 72, 78, 2, 6, 0)
Cost 40032.22657439895

Route 8
(0, 62, 83, 55, 105, 0)
Cost 14762.818182449162

Route 9
(0, 87, 0)
Cost 455.3064901799666