Total cost 487956.7311761375
Time for construction 0.34522008895874023
Time for local search 5.835229158401489

Route 0
(0, 150, 64, 144, 117, 149, 93, 75, 67, 145, 122, 106, 137, 86, 53, 68, 85, 88, 1, 14, 30, 5, 35, 49, 47, 36, 20, 50, 13, 7, 48, 43, 33, 39, 28, 44, 0)
Cost 122487.07521505028

Route 1
(0, 58, 99, 146, 63, 79, 70, 100, 91, 65, 73, 56, 103, 95, 69, 134, 133, 92, 42, 31, 17, 27, 38, 6, 2, 11, 8, 15, 37, 9, 40, 21, 45, 29, 16, 0)
Cost 109727.04915868273

Route 2
(0, 60, 74, 107, 76, 142, 129, 116, 126, 136, 143, 128, 66, 98, 130, 97, 120, 113, 147, 82, 3, 4, 12, 32, 24, 34, 10, 22, 23, 18, 26, 25, 19, 0)
Cost 100751.38977857091

Route 3
(0, 51, 72, 78, 114, 123, 131, 61, 118, 77, 121, 148, 71, 90, 46, 41, 0)
Cost 55390.59439226444

Route 4
(0, 125, 141, 52, 138, 112, 94, 101, 115, 108, 109, 54, 80, 81, 57, 0)
Cost 38606.877710008615

Route 5
(0, 139, 140, 84, 124, 110, 127, 132, 55, 135, 111, 59, 102, 96, 83, 0)
Cost 43729.5785094135

Route 6
(0, 62, 119, 89, 104, 105, 0)
Cost 17074.281217502798

Route 7
(0, 87, 0)
Cost 455.3064901799666